1.482908780839149569e-08
1.482908780839149403e-08
1.482908780839149569e-08
1.482908780839149403e-08
1.482908780839149403e-08
1.482908780839149403e-08
1.482908780839149403e-08
1.482908780839149569e-08
1.482908780839149569e-08
1.482908780839149569e-08
1.482908780839149734e-08
1.482908780839149569e-08
1.482908780839149734e-08
1.482908780839149734e-08
1.482908780839149734e-08
1.482908780839149569e-08
1.482908780839149569e-08
1.482908780839149569e-08
1.482908780839149569e-08
1.482908780839149569e-08
1.482908780839149734e-08
1.482908780839149734e-08
1.482908780839149569e-08
1.482908780839149734e-08
1.482908780839149734e-08
1.482908780839149569e-08
1.482908780839149734e-08
1.482908780839149734e-08
1.482908780839149569e-08
1.482908780839149734e-08
1.482908780839149734e-08
1.482908780839149569e-08
1.482908780839149569e-08
1.482908780839149569e-08
1.482908780839149569e-08
1.482908780839149734e-08
1.482908780839149569e-08
1.482908780839149569e-08
1.482908780839149734e-08
1.482908780839149569e-08
1.482908780839149569e-08
1.482908780839149569e-08
1.482908780839149403e-08
1.482908780839149403e-08
1.482908780839149569e-08
1.482908780839149403e-08
1.482908780839149403e-08
1.482908780839149403e-08
1.482908780839149403e-08
1.482908780839149569e-08
1.482908780839149403e-08
1.482908780839149403e-08
1.482908780839149569e-08
1.482908780839149569e-08
1.482908780839149569e-08
1.482908780839149569e-08
1.482908780839149734e-08
1.482908780839149569e-08
1.482908780839149734e-08
1.482908780839149569e-08
1.482908780839149569e-08
1.482908780839149569e-08
1.482908780839149734e-08
1.482908780839149734e-08
1.482908780839149900e-08
1.482908780839149900e-08
1.482908780839150065e-08
1.482908780839149900e-08
1.482908780839150065e-08
1.482908780839150231e-08
1.482908780839150396e-08
1.482908780839150562e-08
1.482908780839150562e-08
1.482908780839150727e-08
1.482908780839150562e-08
1.482908780839150562e-08
1.482908780839150727e-08
1.482908780839150892e-08
1.482908780839150892e-08
1.482908780839150892e-08
1.482908780839150727e-08
1.482908780839150727e-08
1.482908780839150892e-08
1.482908780839150892e-08
1.482908780839151058e-08
1.482908780839150892e-08
1.482908780839151058e-08
1.482908780839151223e-08
1.482908780839151389e-08
1.482908780839151389e-08
1.482908780839151389e-08
1.482908780839151389e-08
1.482908780839151223e-08
1.482908780839151554e-08
1.482908780839151720e-08
1.482908780839151554e-08
1.482908780839151554e-08
1.482908780839151554e-08
1.482908780839151389e-08
1.482908780839151389e-08
1.121151584110961176e-08
1.121151584110961011e-08
1.121151584110961176e-08
1.121151584110961342e-08
1.121151584110961342e-08
1.121151584110961507e-08
1.121151584110961507e-08
1.121151584110961342e-08
1.121151584110961342e-08
1.121151584110961342e-08
1.121151584110961342e-08
1.121151584110961342e-08
1.121151584110961342e-08
1.121151584110961342e-08
1.121151584110961342e-08
1.121151584110961507e-08
1.121151584110961507e-08
1.121151584110961673e-08
1.121151584110961507e-08
1.121151584110961507e-08
1.121151584110961507e-08
1.121151584110961342e-08
1.121151584110961507e-08
1.121151584110961342e-08
1.121151584110961507e-08
1.121151584110961507e-08
1.121151584110961507e-08
1.121151584110961673e-08
1.121151584110961838e-08
1.121151584110961673e-08
1.121151584110961673e-08
1.121151584110961673e-08
1.121151584110962004e-08
1.121151584110962004e-08
1.121151584110962004e-08
1.121151584110962169e-08
1.121151584110962004e-08
1.121151584110962004e-08
1.121151584110961838e-08
1.121151584110962004e-08
1.121151584110962004e-08
1.121151584110962004e-08
1.121151584110962169e-08
1.121151584110962004e-08
1.121151584110962335e-08
1.121151584110962335e-08
1.121151584110962665e-08
1.121151584110962500e-08
1.121151584110962335e-08
1.121151584110962335e-08
1.121151584110962335e-08
1.121151584110962335e-08
1.121151584110962500e-08
1.121151584110962665e-08
1.121151584110962665e-08
1.121151584110962665e-08
1.121151584110962335e-08
1.121151584110962335e-08
1.121151584110962004e-08
1.121151584110961673e-08
1.121151584110961507e-08
1.121151584110961342e-08
1.121151584110960846e-08
1.121151584110960680e-08
1.121151584110960349e-08
1.121151584110960184e-08
1.121151584110960184e-08
1.121151584110959688e-08
1.121151584110960018e-08
1.121151584110960184e-08
1.121151584110960018e-08
1.121151584110959522e-08
1.121151584110959026e-08
1.121151584110958860e-08
1.121151584110958695e-08
1.121151584110958199e-08
1.121151584110957702e-08
1.121151584110957537e-08
1.121151584110957537e-08
1.121151584110957371e-08
1.121151584110957041e-08
1.121151584110956710e-08
1.121151584110956710e-08
1.121151584110956710e-08
1.121151584110956213e-08
1.121151584110955883e-08
1.121151584110955883e-08
1.121151584110955386e-08
1.121151584110955386e-08
1.121151584110954559e-08
1.121151584110954559e-08
1.121151584110954559e-08
1.121151584110954063e-08
1.121151584110953236e-08
1.121151584110953236e-08
1.121151584110953236e-08
1.121151584110953236e-08
1.121151584110952243e-08
1.121151584110952243e-08
1.121151584110952739e-08
1.121151560666217471e-08
1.121151560666217471e-08
1.121151560666217471e-08
1.121151560666217471e-08
1.121151560666219291e-08
1.121151560666219291e-08
1.121151560666221110e-08
1.121151560666221110e-08
1.121151560666221110e-08
1.121151560666222765e-08
1.121151560666222765e-08
1.121151560666224585e-08
1.121151560666222765e-08
1.121151560666226239e-08
1.121151560666226239e-08
1.121151560666226239e-08
1.121151560666226239e-08
1.121151560666228059e-08
1.121151560666229879e-08
1.121151560666229879e-08
1.121151560666231533e-08
1.121151560666229879e-08
1.121151560666231533e-08
1.121151560666233353e-08
1.121151560666235172e-08
1.121151560666235172e-08
1.121151560666235172e-08
1.121151560666238647e-08
1.121151560666238647e-08
1.121151560666238647e-08
1.121151560666240301e-08
1.121151560666240301e-08
1.121151560666242121e-08
1.121151560666243941e-08
1.121151560666245595e-08
1.121151560666245595e-08
1.121151560666247415e-08
1.121151560666249235e-08
1.121151560666249235e-08
1.121151560666249235e-08
1.121151560666250889e-08
1.121151560666252709e-08
1.121151560666254529e-08
1.121151560666254529e-08
1.121151560666256183e-08
1.121151560666258003e-08
1.121151560666259657e-08
1.121151560666259657e-08
1.121151560666261477e-08
1.121151560666263297e-08
1.121151560666264951e-08
1.121151560666266771e-08
1.121151560666266771e-08
1.121151560666268591e-08
1.121151560666270245e-08
1.121151560666272065e-08
1.121151560666273885e-08
1.121151560666273885e-08
1.121151560666275539e-08
1.121151560666279013e-08
1.121151560666279013e-08
1.121151560666277359e-08
1.121151560666277359e-08
1.121151560666275539e-08
1.121151560666273885e-08
1.121151560666272065e-08
1.121151560666270245e-08
1.121151560666270245e-08
1.121151560666268591e-08
1.121151560666266771e-08
1.121151560666266771e-08
1.121151560666264951e-08
1.121151560666263297e-08
1.121151560666261477e-08
1.121151560666259657e-08
1.121151560666259657e-08
1.121151560666258003e-08
1.121151560666258003e-08
1.121151560666256183e-08
1.121151560666256183e-08
1.121151560666252709e-08
1.121151560666252709e-08
1.121151560666252709e-08
1.121151560666250889e-08
1.121151560666250889e-08
1.121151560666249235e-08
1.121151560666247415e-08
1.121151560666247415e-08
1.121151560666245595e-08
1.121151560666245595e-08
1.121151560666243941e-08
1.121151560666243941e-08
1.121151560666242121e-08
1.121151560666242121e-08
1.121151560666240301e-08
1.121151560666240301e-08
1.121151560666238647e-08
1.121151560666238647e-08
1.121151560666238647e-08
1.121151560666236827e-08
1.121151560666236827e-08
1.121151560666235172e-08
1.121151560666235172e-08
1.121151560666235172e-08
1.121151560666236827e-08
1.121151560666236827e-08
1.121151560666237819e-08
1.121151560666238647e-08
1.121151560666239474e-08
1.121151560666240301e-08
1.121151560666240301e-08
1.121151560666241294e-08
1.121151560666242121e-08
1.121151560666242121e-08
1.121151560666242121e-08
1.121151560666241294e-08
1.121151560666242121e-08
1.121151560666242121e-08
1.121151560666242121e-08
1.121151560666242948e-08
1.121151560666242948e-08
1.121151560666242948e-08
1.121151560666244768e-08
1.121151560666244768e-08
1.121151560666244768e-08
1.121151560666245595e-08
1.121151560666246588e-08
1.121151560666246588e-08
1.121151560666247415e-08
1.121151560666247415e-08
1.121151560666248242e-08
1.121151560666248242e-08
1.121151560666249235e-08
1.121151560666249235e-08
1.121151560666248242e-08
1.121151560666250062e-08
1.121151560666250062e-08
1.121151560666249235e-08
1.121151560666250062e-08
1.121151560666250062e-08
1.121151560666250558e-08
1.121151560666250062e-08
1.121151560666250558e-08
1.121151560666251882e-08
1.121151560666251882e-08
1.121151560666251882e-08
1.121151560666252212e-08
1.121151560666253205e-08
1.121151560666253536e-08
1.121151560666253536e-08
1.121151560666254529e-08
1.121151560666254529e-08
1.121151560666254859e-08
1.121151560666255356e-08
1.121151560666255852e-08
1.121151560666255852e-08
1.121151560666256183e-08
1.121151560666255852e-08
1.121151560666256183e-08
1.121151560666256183e-08
1.121151560666256514e-08
1.121151560666256514e-08
1.121151560666256845e-08
1.121151560666257175e-08
1.121151560666257341e-08
1.121151560666257175e-08
1.121151560666257506e-08
1.121151560666258003e-08
1.121151560666258168e-08
1.121151560666258168e-08
1.121151560666258334e-08
1.121151560666258830e-08
1.121151560666258995e-08
1.121151560666258995e-08
1.121151560666258995e-08
1.121151560666259161e-08
1.121151560666258995e-08
1.121151560666258995e-08
1.121151560666259161e-08
1.121151560666258995e-08
1.121151560666259161e-08
1.121151560666259161e-08
1.121151560666259326e-08
1.121151560666259326e-08
1.121151560666259326e-08
1.121151560666258995e-08
1.121151560666258830e-08
1.121151560666258830e-08
1.121151560666258664e-08
1.121151560666258664e-08
1.121151560666258499e-08
1.121151560666258499e-08
1.121151560666258334e-08
1.121151560666258334e-08
1.121151560666258334e-08
1.121151560666258334e-08
1.121151560666258499e-08
1.121151560666258334e-08
1.121151560666258334e-08
1.121151560666258334e-08
1.121151560666258334e-08
1.121151560666258168e-08
1.121151560666258334e-08
1.121151560666258334e-08
1.121151560666258499e-08
1.121151560666258334e-08
1.121151560666258334e-08
1.121151560666258334e-08
1.121151560666258168e-08
1.121151560666258168e-08
1.121151560666258168e-08
1.121151560666258168e-08
1.121151560666258334e-08
1.121151560666258334e-08
1.121151560666258334e-08
1.121151560666258168e-08
1.121151560666258168e-08
1.121151560666258168e-08
1.121151560666258168e-08
1.121151560666258168e-08
1.121151560666258334e-08
1.121151560666258334e-08
1.121151560666258168e-08
1.121151560666258168e-08
1.121151560666258168e-08
1.121151560666258003e-08
1.121151560666258168e-08
1.121151560666258168e-08
1.121151560666258168e-08
1.121151560666258334e-08
1.121151560666258168e-08
1.121151560666258003e-08
1.121151560666258168e-08
1.121151560666258334e-08
1.121151560666258664e-08
1.121151560666258334e-08
1.121151560666258168e-08
1.121151560666258168e-08
1.121151560666258168e-08
1.121151560666258003e-08
1.121151560666258003e-08
1.121151560666258003e-08
1.121151560666258003e-08
1.121151560666258168e-08
1.121151560666258334e-08
1.121151560666258334e-08
1.121151560666258499e-08
1.121151560666258499e-08
1.121151560666258664e-08
1.121151560666258830e-08
1.121151560666258664e-08
1.121151560666258334e-08
1.121151560666258168e-08
1.121151560666258003e-08
1.121151560666257672e-08
1.121151560666257672e-08
1.121151560666257506e-08
1.121151560666257341e-08
1.121151560666257506e-08
1.121151560666257175e-08
1.121151560666257175e-08
1.121151560666257341e-08
1.121151560666256845e-08
1.121151560666256514e-08
1.121151560666255852e-08
1.121151560666255356e-08
1.121151560666254859e-08
1.121151560666254859e-08
1.121151560666254032e-08
1.121151560666254032e-08
1.121151560666253536e-08
1.121151560666253536e-08
1.121151560666253205e-08
1.121151560666252709e-08
1.121151560666252709e-08
1.121151560666251882e-08
1.121151560666250889e-08
1.121151560666250889e-08
1.121151560666251385e-08
1.121151560666250889e-08
1.121151560666250558e-08
1.121151560666250558e-08
1.121151560666250558e-08
1.121151560666249565e-08
1.121151560666249565e-08
1.121151560666248738e-08
1.121151560666249235e-08
1.121151560666249235e-08
1.121151560666248242e-08
1.121151560666248242e-08
1.121151560666247415e-08
1.121151560666246588e-08
1.121151560666246588e-08
1.121151560666246588e-08
1.121151560666245595e-08
1.121151560666245595e-08
1.121151560666244768e-08
1.121151560666243941e-08
1.121151560666243941e-08
1.121151560666244768e-08
1.121151560666243941e-08
1.121151560666243941e-08
1.121151560666242948e-08
1.121151560666242948e-08
