4.943029267769231423e-08
4.943029267769231423e-08
4.943029267769231423e-08
4.943029267769231423e-08
4.943029267769231423e-08
4.943029267769231423e-08
4.943029267769231423e-08
4.943029267769231423e-08
4.943029267769231423e-08
4.943029267769231423e-08
4.943029267769231423e-08
4.943029267769231423e-08
4.943029267769231423e-08
4.943029267769232084e-08
4.943029267769232084e-08
4.943029267769232084e-08
4.943029267769232084e-08
4.943029267769232084e-08
4.943029267769231423e-08
4.943029267769231423e-08
4.943029267769231423e-08
4.943029267769231423e-08
4.943029267769231423e-08
4.943029267769232746e-08
4.943029267769232084e-08
4.943029267769231423e-08
4.943029267769230761e-08
4.943029267769230099e-08
4.943029267769230099e-08
4.943029267769230099e-08
4.943029267769230099e-08
4.943029267769230099e-08
4.943029267769228776e-08
4.943029267769228776e-08
4.943029267769228114e-08
4.943029267769227452e-08
4.943029267769228776e-08
4.943029267769229437e-08
4.943029267769230099e-08
4.943029267769229437e-08
4.943029267769230099e-08
4.943029267769230761e-08
4.943029267769230099e-08
4.943029267769232746e-08
4.943029267769233408e-08
4.943029267769234070e-08
4.943029267769236717e-08
4.943029267769238702e-08
4.943029267769238702e-08
4.943029267769238040e-08
4.943029267769238040e-08
4.943029267769238040e-08
4.943029267769236717e-08
4.943029267769238040e-08
4.943029267769239364e-08
4.943029267769239364e-08
4.943029267769239364e-08
4.943029267769242672e-08
4.943029267769244658e-08
4.943029267769245981e-08
4.943029267769249290e-08
4.943029267769247304e-08
4.943029267769247304e-08
4.943029267769247304e-08
4.943029267769249290e-08
4.943029267769249290e-08
4.943029267769250613e-08
4.943029267769252598e-08
4.943029267769255907e-08
4.943029267769255907e-08
4.943029267769253922e-08
4.943029267769250613e-08
4.943029267769244658e-08
4.943029267769244658e-08
4.943029267769241349e-08
4.943029267769238040e-08
4.943029267769234731e-08
4.943029267769231423e-08
4.943029267769231423e-08
4.943029267769231423e-08
4.943029267769228776e-08
4.943029267769225467e-08
4.943029267769225467e-08
4.943029267769225467e-08
4.943029267769218849e-08
4.943029267769218849e-08
4.943029267769215541e-08
4.943029267769212232e-08
4.943029267769206276e-08
4.943029267769202968e-08
4.943029267769199659e-08
4.943029267769196350e-08
4.943029267769196350e-08
4.943029267769193041e-08
4.943029267769190394e-08
4.943029267769190394e-08
4.943029267769183777e-08
4.943029267769180468e-08
4.943029267769183777e-08
4.943029267769183777e-08
1.437135009776654869e-08
1.437135009776654869e-08
1.437135009776655035e-08
1.437135009776655200e-08
1.437135009776655366e-08
1.437135009776655531e-08
1.437135009776655531e-08
1.437135009776655366e-08
1.437135009776655366e-08
1.437135009776655366e-08
1.437135009776655200e-08
1.437135009776655366e-08
1.437135009776655697e-08
1.437135009776655862e-08
1.437135009776656027e-08
1.437135009776656358e-08
1.437135009776656358e-08
1.437135009776656358e-08
1.437135009776656027e-08
1.437135009776656027e-08
1.437135009776655862e-08
1.437135009776655531e-08
1.437135009776655200e-08
1.437135009776655035e-08
1.437135009776654538e-08
1.437135009776654373e-08
1.437135009776654042e-08
1.437135009776653711e-08
1.437135009776653380e-08
1.437135009776653215e-08
1.437135009776652884e-08
1.437135009776652388e-08
1.437135009776652057e-08
1.437135009776651891e-08
1.437135009776651395e-08
1.437135009776651230e-08
1.437135009776651230e-08
1.437135009776650733e-08
1.437135009776650568e-08
1.437135009776650403e-08
1.437135009776650072e-08
1.437135009776649741e-08
1.437135009776649741e-08
1.437135009776649741e-08
1.437135009776649741e-08
1.437135009776650072e-08
1.437135009776650072e-08
1.437135009776649741e-08
1.437135009776649410e-08
1.437135009776648748e-08
1.437135009776648417e-08
1.437135009776647590e-08
1.437135009776647259e-08
1.437135009776646598e-08
1.437135009776646267e-08
1.437135009776646267e-08
1.437135009776645936e-08
1.437135009776645605e-08
1.437135009776644943e-08
1.437135009776644281e-08
1.437135009776643951e-08
1.437135009776643620e-08
1.437135009776642793e-08
1.437135009776642793e-08
1.437135009776642462e-08
1.437135009776642462e-08
1.437135009776641800e-08
1.437135009776640807e-08
1.437135009776641469e-08
1.437135009776642131e-08
1.437135009776642793e-08
1.437135009776642793e-08
1.437135009776642793e-08
1.437135009776643620e-08
1.437135009776644281e-08
1.437135009776644943e-08
1.437135009776644943e-08
1.437135009776645605e-08
1.437135009776646267e-08
1.437135009776646928e-08
1.437135009776646928e-08
1.437135009776647590e-08
1.437135009776649079e-08
1.437135009776649079e-08
1.437135009776649741e-08
1.437135009776650403e-08
1.437135009776651064e-08
1.437135009776652388e-08
1.437135009776652388e-08
1.437135009776652388e-08
1.437135009776652388e-08
1.437135009776653215e-08
1.437135009776653877e-08
1.437135009776653215e-08
1.437135009776653877e-08
1.437135009776655200e-08
1.437135009776655200e-08
1.437135009776655200e-08
1.437135009776655200e-08
1.437135009776656524e-08
1.437134979724306073e-08
1.437134979724306073e-08
1.437134979724303426e-08
1.437134979724303426e-08
1.437134979724300614e-08
1.437134979724295154e-08
1.437134979724292342e-08
1.437134979724292342e-08
1.437134979724292342e-08
1.437134979724289695e-08
1.437134979724286882e-08
1.437134979724284070e-08
1.437134979724284070e-08
1.437134979724281423e-08
1.437134979724278611e-08
1.437134979724273151e-08
1.437134979724273151e-08
1.437134979724270339e-08
1.437134979724267692e-08
1.437134979724264879e-08
1.437134979724264879e-08
1.437134979724262232e-08
1.437134979724256608e-08
1.437134979724251148e-08
1.437134979724251148e-08
1.437134979724251148e-08
1.437134979724248501e-08
1.437134979724245689e-08
1.437134979724243042e-08
1.437134979724243042e-08
1.437134979724240229e-08
1.437134979724237417e-08
1.437134979724234770e-08
1.437134979724234770e-08
1.437134979724229311e-08
1.437134979724223686e-08
1.437134979724223686e-08
1.437134979724221039e-08
1.437134979724218226e-08
1.437134979724212767e-08
1.437134979724209955e-08
1.437134979724209955e-08
1.437134979724207308e-08
1.437134979724204495e-08
1.437134979724201848e-08
1.437134979724201848e-08
1.437134979724199036e-08
1.437134979724196389e-08
1.437134979724193576e-08
1.437134979724190764e-08
1.437134979724190764e-08
1.437134979724185305e-08
1.437134979724182658e-08
1.437134979724177033e-08
1.437134979724177033e-08
1.437134979724177033e-08
1.437134979724177033e-08
1.437134979724171573e-08
1.437134979724168926e-08
1.437134979724171573e-08
1.437134979724168926e-08
1.437134979724163302e-08
1.437134979724160655e-08
1.437134979724163302e-08
1.437134979724157842e-08
1.437134979724155195e-08
1.437134979724152383e-08
1.437134979724149570e-08
1.437134979724146923e-08
1.437134979724141464e-08
1.437134979724138652e-08
1.437134979724136005e-08
1.437134979724138652e-08
1.437134979724136005e-08
1.437134979724130380e-08
1.437134979724130380e-08
1.437134979724127733e-08
1.437134979724127733e-08
1.437134979724124920e-08
1.437134979724119461e-08
1.437134979724122273e-08
1.437134979724116649e-08
1.437134979724114002e-08
1.437134979724108542e-08
1.437134979724108542e-08
1.437134979724111189e-08
1.437134979724105730e-08
1.437134979724105730e-08
1.437134979724102917e-08
1.437134979724102917e-08
1.437134979724100270e-08
1.437134979724097458e-08
1.437134979724094811e-08
1.437134979724094811e-08
1.437134979724091999e-08
1.437134979724089352e-08
1.437134979724083727e-08
1.437134979724083727e-08
1.437134979724081080e-08
1.437134979724075620e-08
1.437134979724072808e-08
1.437134979724069996e-08
1.437134979724069996e-08
1.437134979724072808e-08
1.437134979724072808e-08
1.437134979724072808e-08
1.437134979724069996e-08
1.437134979724075620e-08
1.437134979724072808e-08
1.437134979724075620e-08
1.437134979724078267e-08
1.437134979724078267e-08
1.437134979724081080e-08
1.437134979724083727e-08
1.437134979724086539e-08
1.437134979724089352e-08
1.437134979724089352e-08
1.437134979724091999e-08
1.437134979724089352e-08
1.437134979724091999e-08
1.437134979724097458e-08
1.437134979724096135e-08
1.437134979724097458e-08
1.437134979724096135e-08
1.437134979724094811e-08
1.437134979724093322e-08
1.437134979724090675e-08
1.437134979724090675e-08
1.437134979724090675e-08
1.437134979724091999e-08
1.437134979724090675e-08
1.437134979724090675e-08
1.437134979724089352e-08
1.437134979724087863e-08
1.437134979724085216e-08
1.437134979724083727e-08
1.437134979724082403e-08
1.437134979724083727e-08
1.437134979724083727e-08
1.437134979724083727e-08
1.437134979724082403e-08
1.437134979724079591e-08
1.437134979724079591e-08
1.437134979724079591e-08
1.437134979724078267e-08
1.437134979724078267e-08
1.437134979724076944e-08
1.437134979724076944e-08
1.437134979724076944e-08
1.437134979724074793e-08
1.437134979724073470e-08
1.437134979724074132e-08
1.437134979724073470e-08
1.437134979724072146e-08
1.437134979724072146e-08
1.437134979724072146e-08
1.437134979724071485e-08
1.437134979724070823e-08
1.437134979724069996e-08
1.437134979724070823e-08
1.437134979724069996e-08
1.437134979724069334e-08
1.437134979724068672e-08
1.437134979724068010e-08
1.437134979724068010e-08
1.437134979724067349e-08
1.437134979724066687e-08
1.437134979724065860e-08
1.437134979724065860e-08
1.437134979724066687e-08
1.437134979724066356e-08
1.437134979724066687e-08
1.437134979724066687e-08
1.437134979724066687e-08
1.437134979724066687e-08
1.437134979724066687e-08
1.437134979724066687e-08
1.437134979724066687e-08
1.437134979724067018e-08
1.437134979724066687e-08
1.437134979724067018e-08
1.437134979724066687e-08
1.437134979724066852e-08
1.437134979724067018e-08
1.437134979724067349e-08
1.437134979724067514e-08
1.437134979724067514e-08
1.437134979724067845e-08
1.437134979724068176e-08
1.437134979724068507e-08
1.437134979724068507e-08
1.437134979724068838e-08
1.437134979724068838e-08
1.437134979724068838e-08
1.437134979724069003e-08
1.437134979724069003e-08
1.437134979724069168e-08
1.437134979724069334e-08
1.437134979724069499e-08
1.437134979724069334e-08
1.437134979724069168e-08
1.437134979724069168e-08
1.437134979724069168e-08
1.437134979724069168e-08
1.437134979724069003e-08
1.437134979724069168e-08
1.437134979724069003e-08
1.437134979724069168e-08
1.437134979724069168e-08
1.437134979724069168e-08
1.437134979724069168e-08
1.437134979724069168e-08
1.437134979724069168e-08
1.437134979724069168e-08
1.437134979724069168e-08
1.437134979724069168e-08
1.437134979724069168e-08
1.437134979724069334e-08
1.437134979724069334e-08
1.437134979724069334e-08
1.437134979724069334e-08
1.437134979724069334e-08
1.437134979724069168e-08
1.437134979724069168e-08
1.437134979724069168e-08
1.437134979724069168e-08
1.437134979724069003e-08
1.437134979724069168e-08
1.437134979724069168e-08
1.437134979724069168e-08
1.437134979724069003e-08
1.437134979724069003e-08
1.437134979724069003e-08
1.437134979724069003e-08
1.437134979724068838e-08
1.437134979724068838e-08
1.437134979724068838e-08
1.437134979724068838e-08
1.437134979724068838e-08
1.437134979724068838e-08
1.437134979724068672e-08
1.437134979724068341e-08
1.437134979724068341e-08
1.437134979724068010e-08
1.437134979724068010e-08
1.437134979724067680e-08
1.437134979724067680e-08
1.437134979724067514e-08
1.437134979724067349e-08
1.437134979724067018e-08
1.437134979724067018e-08
1.437134979724066687e-08
1.437134979724066687e-08
1.437134979724066356e-08
1.437134979724065860e-08
1.437134979724065529e-08
1.437134979724065860e-08
1.437134979724064867e-08
1.437134979724065198e-08
1.437134979724065198e-08
1.437134979724064867e-08
1.437134979724064536e-08
1.437134979724064536e-08
1.437134979724065860e-08
1.437134979724065860e-08
1.437134979724065860e-08
1.437134979724066687e-08
1.437134979724065860e-08
1.437134979724066687e-08
1.437134979724068010e-08
1.437134979724067349e-08
1.437134979724068010e-08
1.437134979724068672e-08
1.437134979724069334e-08
1.437134979724069996e-08
1.437134979724069996e-08
1.437134979724070823e-08
1.437134979724071485e-08
1.437134979724072808e-08
1.437134979724072808e-08
1.437134979724073470e-08
1.437134979724074132e-08
1.437134979724075620e-08
1.437134979724074132e-08
1.437134979724076944e-08
1.437134979724076944e-08
1.437134979724078267e-08
1.437134979724078267e-08
1.437134979724079591e-08
1.437134979724079591e-08
1.437134979724081080e-08
1.437134979724081080e-08
1.437134979724082403e-08
1.437134979724083727e-08
1.437134979724086539e-08
1.437134979724086539e-08
1.437134979724086539e-08
1.437134979724086539e-08
1.437134979724086539e-08
1.437134979724086539e-08
1.437134979724087863e-08
1.437134979724090675e-08
1.437134979724090675e-08
1.437134979724090675e-08
