1.087466439299085728e-08
1.087466439299085728e-08
1.087466439299085894e-08
1.087466439299086059e-08
1.087466439299085894e-08
1.087466439299085894e-08
1.087466439299086059e-08
1.087466439299086059e-08
1.087466439299085894e-08
1.087466439299085894e-08
1.087466439299086059e-08
1.087466439299086059e-08
1.087466439299086059e-08
1.087466439299086059e-08
1.087466439299086059e-08
1.087466439299086059e-08
1.087466439299086059e-08
1.087466439299086059e-08
1.087466439299086059e-08
1.087466439299086059e-08
1.087466439299086059e-08
1.087466439299086059e-08
1.087466439299086059e-08
1.087466439299086059e-08
1.087466439299086059e-08
1.087466439299086059e-08
1.087466439299086059e-08
1.087466439299086059e-08
1.087466439299086059e-08
1.087466439299086059e-08
1.087466439299086059e-08
1.087466439299086059e-08
1.087466439299086059e-08
1.087466439299086059e-08
1.087466439299086059e-08
1.087466439299086059e-08
1.087466439299086059e-08
1.087466439299086059e-08
1.087466439299086059e-08
1.087466439299086059e-08
1.087466439299086059e-08
1.087466439299086059e-08
1.087466439299086059e-08
1.087466439299086059e-08
1.087466439299085894e-08
1.087466439299086059e-08
1.087466439299085894e-08
1.087466439299085894e-08
1.087466439299085728e-08
1.087466439299085728e-08
1.087466439299085894e-08
1.087466439299085728e-08
1.087466439299085728e-08
1.087466439299085728e-08
1.087466439299085728e-08
1.087466439299085728e-08
1.087466439299085728e-08
1.087466439299085728e-08
1.087466439299085728e-08
1.087466439299085728e-08
1.087466439299085728e-08
1.087466439299085894e-08
1.087466439299085728e-08
1.087466439299085728e-08
1.087466439299085728e-08
1.087466439299085728e-08
1.087466439299085728e-08
1.087466439299085728e-08
1.087466439299085728e-08
1.087466439299085728e-08
1.087466439299085728e-08
1.087466439299085728e-08
1.087466439299085728e-08
1.087466439299085728e-08
1.087466439299085563e-08
1.087466439299085563e-08
1.087466439299085563e-08
1.087466439299085563e-08
1.087466439299085563e-08
1.087466439299085397e-08
1.087466439299085397e-08
1.087466439299085397e-08
1.087466439299085397e-08
1.087466439299085397e-08
1.087466439299085397e-08
1.087466439299085397e-08
1.087466439299085397e-08
1.087466439299085232e-08
1.087466439299085066e-08
1.087466439299085066e-08
1.087466439299085066e-08
1.087466439299085066e-08
1.087466439299085232e-08
1.087466439299085066e-08
1.087466439299085066e-08
1.087466439299085232e-08
1.087466439299085232e-08
1.087466439299085232e-08
1.087466439299085232e-08
1.087466439299085397e-08
1.016150034303443016e-08
1.016150034303443016e-08
1.016150034303443016e-08
1.016150034303443016e-08
1.016150034303443016e-08
1.016150034303443016e-08
1.016150034303443016e-08
1.016150034303443182e-08
1.016150034303443182e-08
1.016150034303443016e-08
1.016150034303443016e-08
1.016150034303443016e-08
1.016150034303443016e-08
1.016150034303442851e-08
1.016150034303442851e-08
1.016150034303443016e-08
1.016150034303442851e-08
1.016150034303443016e-08
1.016150034303443182e-08
1.016150034303443182e-08
1.016150034303443182e-08
1.016150034303443347e-08
1.016150034303443182e-08
1.016150034303443182e-08
1.016150034303443182e-08
1.016150034303443182e-08
1.016150034303443182e-08
1.016150034303443182e-08
1.016150034303443182e-08
1.016150034303443347e-08
1.016150034303443347e-08
1.016150034303443513e-08
1.016150034303443513e-08
1.016150034303443513e-08
1.016150034303443513e-08
1.016150034303443513e-08
1.016150034303443513e-08
1.016150034303443513e-08
1.016150034303443513e-08
1.016150034303443513e-08
1.016150034303443347e-08
1.016150034303443347e-08
1.016150034303443347e-08
1.016150034303443347e-08
1.016150034303443347e-08
1.016150034303443347e-08
1.016150034303443513e-08
1.016150034303443678e-08
1.016150034303443513e-08
1.016150034303443678e-08
1.016150034303443678e-08
1.016150034303443678e-08
1.016150034303443844e-08
1.016150034303443678e-08
1.016150034303443678e-08
1.016150034303443678e-08
1.016150034303443678e-08
1.016150034303443844e-08
1.016150034303443844e-08
1.016150034303443844e-08
1.016150034303444009e-08
1.016150034303444174e-08
1.016150034303444340e-08
1.016150034303444174e-08
1.016150034303444174e-08
1.016150034303444174e-08
1.016150034303444174e-08
1.016150034303444174e-08
1.016150034303444174e-08
1.016150034303444174e-08
1.016150034303444174e-08
1.016150034303444174e-08
1.016150034303444505e-08
1.016150034303444671e-08
1.016150034303444671e-08
1.016150034303445002e-08
1.016150034303445002e-08
1.016150034303445002e-08
1.016150034303445002e-08
1.016150034303445002e-08
1.016150034303445167e-08
1.016150034303445167e-08
1.016150034303445167e-08
1.016150034303445498e-08
1.016150034303445498e-08
1.016150034303445663e-08
1.016150034303445663e-08
1.016150034303445663e-08
1.016150034303445663e-08
1.016150034303445498e-08
1.016150034303445663e-08
1.016150034303445994e-08
1.016150034303445994e-08
1.016150034303445663e-08
1.016150034303445994e-08
1.016150034303446490e-08
1.016150034303446160e-08
1.016150034303446490e-08
1.016150034303446160e-08
1.016150034303446490e-08
1.016150013054427417e-08
1.016150013054427417e-08
1.016150013054427417e-08
1.016150013054427417e-08
1.016150013054426424e-08
1.016150013054427417e-08
1.016150013054427417e-08
1.016150013054426424e-08
1.016150013054427417e-08
1.016150013054427417e-08
1.016150013054427417e-08
1.016150013054427417e-08
1.016150013054426424e-08
1.016150013054426424e-08
1.016150013054426424e-08
1.016150013054425431e-08
1.016150013054426424e-08
1.016150013054426424e-08
1.016150013054427417e-08
1.016150013054427417e-08
1.016150013054428409e-08
1.016150013054427417e-08
1.016150013054428409e-08
1.016150013054427417e-08
1.016150013054427417e-08
1.016150013054428409e-08
1.016150013054427417e-08
1.016150013054428409e-08
1.016150013054429402e-08
1.016150013054428409e-08
1.016150013054428409e-08
1.016150013054427417e-08
1.016150013054428409e-08
1.016150013054428409e-08
1.016150013054427417e-08
1.016150013054428409e-08
1.016150013054428409e-08
1.016150013054428409e-08
1.016150013054428409e-08
1.016150013054427417e-08
1.016150013054427417e-08
1.016150013054428409e-08
1.016150013054427417e-08
1.016150013054427417e-08
1.016150013054428409e-08
1.016150013054428409e-08
1.016150013054428409e-08
1.016150013054428409e-08
1.016150013054429402e-08
1.016150013054429402e-08
1.016150013054428409e-08
1.016150013054428409e-08
1.016150013054429402e-08
1.016150013054428409e-08
1.016150013054430394e-08
1.016150013054430394e-08
1.016150013054429402e-08
1.016150013054429402e-08
1.016150013054429402e-08
1.016150013054429402e-08
1.016150013054429402e-08
1.016150013054428409e-08
1.016150013054429402e-08
1.016150013054430394e-08
1.016150013054430394e-08
1.016150013054429402e-08
1.016150013054428409e-08
1.016150013054428409e-08
1.016150013054428409e-08
1.016150013054428409e-08
1.016150013054428409e-08
1.016150013054429402e-08
1.016150013054429402e-08
1.016150013054429402e-08
1.016150013054430394e-08
1.016150013054430394e-08
1.016150013054430394e-08
1.016150013054430394e-08
1.016150013054430394e-08
1.016150013054430394e-08
1.016150013054430394e-08
1.016150013054431387e-08
1.016150013054431387e-08
1.016150013054431387e-08
1.016150013054431387e-08
1.016150013054430394e-08
1.016150013054431387e-08
1.016150013054430394e-08
1.016150013054430394e-08
1.016150013054430394e-08
1.016150013054431387e-08
1.016150013054431387e-08
1.016150013054431387e-08
1.016150013054429402e-08
1.016150013054430394e-08
1.016150013054429402e-08
1.016150013054429402e-08
1.016150013054430394e-08
1.016150013054430394e-08
1.016150013054430394e-08
1.016150013054431387e-08
1.016150013054431387e-08
1.016150013054431387e-08
1.016150013054430394e-08
1.016150013054431387e-08
1.016150013054432214e-08
1.016150013054431387e-08
1.016150013054431387e-08
1.016150013054431387e-08
1.016150013054432214e-08
1.016150013054432214e-08
1.016150013054431387e-08
1.016150013054431387e-08
1.016150013054432214e-08
1.016150013054432214e-08
1.016150013054432214e-08
1.016150013054432214e-08
1.016150013054432214e-08
1.016150013054432214e-08
1.016150013054432214e-08
1.016150013054432214e-08
1.016150013054432214e-08
1.016150013054432214e-08
1.016150013054432214e-08
1.016150013054432214e-08
1.016150013054433207e-08
1.016150013054433207e-08
1.016150013054433207e-08
1.016150013054432710e-08
1.016150013054432214e-08
1.016150013054432214e-08
1.016150013054432710e-08
1.016150013054432710e-08
1.016150013054432710e-08
1.016150013054432214e-08
1.016150013054432710e-08
1.016150013054432710e-08
1.016150013054433207e-08
1.016150013054432710e-08
1.016150013054432710e-08
1.016150013054433207e-08
1.016150013054432710e-08
1.016150013054432214e-08
1.016150013054432710e-08
1.016150013054433207e-08
1.016150013054433207e-08
1.016150013054433207e-08
1.016150013054432710e-08
1.016150013054433041e-08
1.016150013054433041e-08
1.016150013054433207e-08
1.016150013054433207e-08
1.016150013054433207e-08
1.016150013054433207e-08
1.016150013054432710e-08
1.016150013054433207e-08
1.016150013054433538e-08
1.016150013054433207e-08
1.016150013054433207e-08
1.016150013054433041e-08
1.016150013054433207e-08
1.016150013054433207e-08
1.016150013054433538e-08
1.016150013054433207e-08
1.016150013054433207e-08
1.016150013054433207e-08
1.016150013054433372e-08
1.016150013054433538e-08
1.016150013054433538e-08
1.016150013054433538e-08
1.016150013054433703e-08
1.016150013054433703e-08
1.016150013054433703e-08
1.016150013054433703e-08
1.016150013054433703e-08
1.016150013054433538e-08
1.016150013054433538e-08
1.016150013054433703e-08
1.016150013054433538e-08
1.016150013054433538e-08
1.016150013054433703e-08
1.016150013054433703e-08
1.016150013054433703e-08
1.016150013054433703e-08
1.016150013054433869e-08
1.016150013054433869e-08
1.016150013054433869e-08
1.016150013054433869e-08
1.016150013054433703e-08
1.016150013054433869e-08
1.016150013054433869e-08
1.016150013054433869e-08
1.016150013054433869e-08
1.016150013054433869e-08
1.016150013054433869e-08
1.016150013054433869e-08
1.016150013054434034e-08
1.016150013054433869e-08
1.016150013054433869e-08
1.016150013054433869e-08
1.016150013054433869e-08
1.016150013054433869e-08
1.016150013054433869e-08
1.016150013054433869e-08
1.016150013054433869e-08
1.016150013054433869e-08
1.016150013054433869e-08
1.016150013054433869e-08
1.016150013054433869e-08
1.016150013054433869e-08
1.016150013054433869e-08
1.016150013054433869e-08
1.016150013054433869e-08
1.016150013054433869e-08
1.016150013054434034e-08
1.016150013054434034e-08
1.016150013054434034e-08
1.016150013054434034e-08
1.016150013054434034e-08
1.016150013054434034e-08
1.016150013054433869e-08
1.016150013054433869e-08
1.016150013054433869e-08
1.016150013054433869e-08
1.016150013054434034e-08
1.016150013054434034e-08
1.016150013054433869e-08
1.016150013054433869e-08
1.016150013054434034e-08
1.016150013054434034e-08
1.016150013054434034e-08
1.016150013054434034e-08
1.016150013054433869e-08
1.016150013054434034e-08
1.016150013054434034e-08
1.016150013054434034e-08
1.016150013054434034e-08
1.016150013054434034e-08
1.016150013054433869e-08
1.016150013054433869e-08
1.016150013054434034e-08
1.016150013054433869e-08
1.016150013054433869e-08
1.016150013054433703e-08
1.016150013054433703e-08
1.016150013054433869e-08
1.016150013054433869e-08
1.016150013054434034e-08
1.016150013054433869e-08
1.016150013054434034e-08
1.016150013054433869e-08
1.016150013054433703e-08
1.016150013054433869e-08
1.016150013054433703e-08
1.016150013054434034e-08
1.016150013054434199e-08
1.016150013054434530e-08
1.016150013054434530e-08
1.016150013054434530e-08
1.016150013054434034e-08
1.016150013054434199e-08
1.016150013054434199e-08
1.016150013054434199e-08
1.016150013054434199e-08
1.016150013054434034e-08
1.016150013054433703e-08
1.016150013054434530e-08
1.016150013054434530e-08
1.016150013054434199e-08
1.016150013054434199e-08
1.016150013054433703e-08
1.016150013054434199e-08
1.016150013054434199e-08
1.016150013054434199e-08
1.016150013054434199e-08
1.016150013054433703e-08
1.016150013054433703e-08
1.016150013054434199e-08
1.016150013054434696e-08
1.016150013054434696e-08
1.016150013054435192e-08
1.016150013054434696e-08
1.016150013054434696e-08
1.016150013054434696e-08
1.016150013054434696e-08
1.016150013054434199e-08
1.016150013054434199e-08
1.016150013054434696e-08
1.016150013054434199e-08
1.016150013054434199e-08
1.016150013054433703e-08
1.016150013054433703e-08
1.016150013054434199e-08
1.016150013054434199e-08
1.016150013054433703e-08
1.016150013054433703e-08
1.016150013054434199e-08
1.016150013054434199e-08
1.016150013054434199e-08
1.016150013054435192e-08
1.016150013054435192e-08
1.016150013054435192e-08
1.016150013054436185e-08
1.016150013054436185e-08
