2.965817561376623060e-08
2.965817561376623060e-08
2.965817561376623391e-08
2.965817561376623391e-08
2.965817561376623391e-08
2.965817561376623060e-08
2.965817561376623391e-08
2.965817561376623391e-08
2.965817561376623391e-08
2.965817561376623060e-08
2.965817561376623060e-08
2.965817561376622729e-08
2.965817561376623060e-08
2.965817561376623060e-08
2.965817561376623060e-08
2.965817561376623391e-08
2.965817561376623060e-08
2.965817561376623391e-08
2.965817561376623060e-08
2.965817561376623391e-08
2.965817561376623391e-08
2.965817561376623060e-08
2.965817561376623060e-08
2.965817561376623060e-08
2.965817561376623060e-08
2.965817561376623391e-08
2.965817561376623391e-08
2.965817561376623060e-08
2.965817561376623060e-08
2.965817561376623060e-08
2.965817561376623391e-08
2.965817561376623391e-08
2.965817561376623060e-08
2.965817561376623391e-08
2.965817561376623391e-08
2.965817561376623391e-08
2.965817561376623060e-08
2.965817561376623391e-08
2.965817561376623721e-08
2.965817561376624383e-08
2.965817561376624714e-08
2.965817561376624714e-08
2.965817561376624052e-08
2.965817561376624052e-08
2.965817561376623721e-08
2.965817561376623721e-08
2.965817561376623721e-08
2.965817561376623721e-08
2.965817561376623721e-08
2.965817561376623391e-08
2.965817561376623391e-08
2.965817561376623391e-08
2.965817561376623721e-08
2.965817561376623060e-08
2.965817561376622729e-08
2.965817561376621736e-08
2.965817561376621074e-08
2.965817561376621074e-08
2.965817561376620082e-08
2.965817561376619751e-08
2.965817561376619751e-08
2.965817561376619089e-08
2.965817561376618758e-08
2.965817561376618758e-08
2.965817561376619089e-08
2.965817561376618758e-08
2.965817561376618428e-08
2.965817561376618097e-08
2.965817561376617435e-08
2.965817561376616111e-08
2.965817561376615450e-08
2.965817561376614788e-08
2.965817561376614788e-08
2.965817561376614788e-08
2.965817561376614126e-08
2.965817561376614126e-08
2.965817561376613464e-08
2.965817561376614126e-08
2.965817561376612803e-08
2.965817561376613464e-08
2.965817561376614126e-08
2.965817561376614126e-08
2.965817561376613464e-08
2.965817561376614126e-08
2.965817561376614788e-08
2.965817561376615450e-08
2.965817561376614126e-08
2.965817561376612803e-08
2.965817561376610817e-08
2.965817561376609494e-08
2.965817561376609494e-08
2.965817561376608170e-08
2.965817561376606847e-08
2.965817561376604862e-08
2.965817561376604862e-08
2.965817561376604862e-08
2.965817561376603538e-08
2.965817561376602215e-08
2.965817561376601553e-08
2.965817561376602877e-08
1.343255462943395871e-08
1.343255462943395871e-08
1.343255462943396036e-08
1.343255462943395871e-08
1.343255462943396036e-08
1.343255462943396036e-08
1.343255462943396036e-08
1.343255462943396036e-08
1.343255462943396201e-08
1.343255462943396201e-08
1.343255462943396201e-08
1.343255462943396367e-08
1.343255462943396201e-08
1.343255462943396201e-08
1.343255462943396201e-08
1.343255462943396367e-08
1.343255462943396201e-08
1.343255462943396532e-08
1.343255462943396532e-08
1.343255462943396532e-08
1.343255462943396698e-08
1.343255462943396698e-08
1.343255462943396863e-08
1.343255462943396863e-08
1.343255462943397194e-08
1.343255462943397194e-08
1.343255462943397194e-08
1.343255462943397359e-08
1.343255462943397359e-08
1.343255462943397359e-08
1.343255462943397359e-08
1.343255462943397359e-08
1.343255462943397525e-08
1.343255462943397525e-08
1.343255462943397525e-08
1.343255462943397525e-08
1.343255462943397359e-08
1.343255462943397525e-08
1.343255462943397690e-08
1.343255462943397525e-08
1.343255462943397359e-08
1.343255462943397525e-08
1.343255462943397856e-08
1.343255462943398187e-08
1.343255462943398352e-08
1.343255462943398683e-08
1.343255462943398517e-08
1.343255462943398848e-08
1.343255462943399014e-08
1.343255462943399345e-08
1.343255462943399841e-08
1.343255462943399841e-08
1.343255462943400172e-08
1.343255462943400172e-08
1.343255462943400172e-08
1.343255462943400172e-08
1.343255462943400172e-08
1.343255462943401164e-08
1.343255462943401164e-08
1.343255462943400834e-08
1.343255462943401164e-08
1.343255462943401661e-08
1.343255462943401661e-08
1.343255462943401164e-08
1.343255462943401661e-08
1.343255462943401992e-08
1.343255462943401992e-08
1.343255462943401992e-08
1.343255462943401992e-08
1.343255462943402323e-08
1.343255462943402653e-08
1.343255462943402323e-08
1.343255462943401992e-08
1.343255462943402323e-08
1.343255462943402653e-08
1.343255462943402653e-08
1.343255462943402653e-08
1.343255462943402653e-08
1.343255462943403811e-08
1.343255462943403481e-08
1.343255462943403811e-08
1.343255462943403811e-08
1.343255462943404473e-08
1.343255462943404473e-08
1.343255462943405300e-08
1.343255462943405300e-08
1.343255462943405300e-08
1.343255462943405962e-08
1.343255462943405300e-08
1.343255462943405300e-08
1.343255462943405300e-08
1.343255462943405300e-08
1.343255462943405300e-08
1.343255462943405300e-08
1.343255462943405300e-08
1.343255462943405962e-08
1.343255462943407451e-08
1.343255462943407451e-08
1.343255462943407451e-08
1.343255462943406789e-08
1.343255434854195318e-08
1.343255434854195318e-08
1.343255434854195318e-08
1.343255434854198296e-08
1.343255434854201108e-08
1.343255434854198296e-08
1.343255434854198296e-08
1.343255434854198296e-08
1.343255434854204086e-08
1.343255434854207064e-08
1.343255434854207064e-08
1.343255434854207064e-08
1.343255434854210042e-08
1.343255434854210042e-08
1.343255434854207064e-08
1.343255434854210042e-08
1.343255434854212854e-08
1.343255434854215832e-08
1.343255434854218810e-08
1.343255434854215832e-08
1.343255434854215832e-08
1.343255434854218810e-08
1.343255434854218810e-08
1.343255434854221788e-08
1.343255434854227578e-08
1.343255434854227578e-08
1.343255434854230556e-08
1.343255434854230556e-08
1.343255434854230556e-08
1.343255434854227578e-08
1.343255434854230556e-08
1.343255434854236346e-08
1.343255434854239324e-08
1.343255434854242302e-08
1.343255434854242302e-08
1.343255434854242302e-08
1.343255434854242302e-08
1.343255434854242302e-08
1.343255434854242302e-08
1.343255434854245280e-08
1.343255434854248092e-08
1.343255434854251070e-08
1.343255434854251070e-08
1.343255434854251070e-08
1.343255434854251070e-08
1.343255434854251070e-08
1.343255434854251070e-08
1.343255434854257026e-08
1.343255434854257026e-08
1.343255434854259838e-08
1.343255434854262816e-08
1.343255434854259838e-08
1.343255434854259838e-08
1.343255434854259838e-08
1.343255434854268772e-08
1.343255434854268772e-08
1.343255434854271584e-08
1.343255434854274562e-08
1.343255434854274562e-08
1.343255434854274562e-08
1.343255434854274562e-08
1.343255434854274562e-08
1.343255434854280352e-08
1.343255434854283330e-08
1.343255434854286308e-08
1.343255434854286308e-08
1.343255434854286308e-08
1.343255434854286308e-08
1.343255434854286308e-08
1.343255434854283330e-08
1.343255434854289286e-08
1.343255434854292098e-08
1.343255434854295076e-08
1.343255434854295076e-08
1.343255434854295076e-08
1.343255434854295076e-08
1.343255434854295076e-08
1.343255434854295076e-08
1.343255434854298054e-08
1.343255434854301032e-08
1.343255434854303844e-08
1.343255434854303844e-08
1.343255434854303844e-08
1.343255434854306822e-08
1.343255434854309800e-08
1.343255434854306822e-08
1.343255434854309800e-08
1.343255434854312778e-08
1.343255434854312778e-08
1.343255434854315590e-08
1.343255434854315590e-08
1.343255434854318568e-08
1.343255434854321546e-08
1.343255434854318568e-08
1.343255434854321546e-08
1.343255434854324524e-08
1.343255434854327336e-08
1.343255434854327336e-08
1.343255434854330314e-08
1.343255434854330314e-08
1.343255434854333292e-08
1.343255434854333292e-08
1.343255434854333292e-08
1.343255434854327336e-08
1.343255434854327336e-08
1.343255434854324524e-08
1.343255434854321546e-08
1.343255434854318568e-08
1.343255434854318568e-08
1.343255434854323035e-08
1.343255434854321546e-08
1.343255434854323035e-08
1.343255434854324524e-08
1.343255434854327336e-08
1.343255434854326013e-08
1.343255434854327336e-08
1.343255434854326013e-08
1.343255434854327336e-08
1.343255434854327336e-08
1.343255434854328825e-08
1.343255434854328825e-08
1.343255434854330314e-08
1.343255434854331803e-08
1.343255434854333292e-08
1.343255434854333292e-08
1.343255434854334781e-08
1.343255434854337759e-08
1.343255434854336270e-08
1.343255434854337759e-08
1.343255434854337759e-08
1.343255434854337759e-08
1.343255434854339082e-08
1.343255434854339082e-08
1.343255434854340571e-08
1.343255434854340571e-08
1.343255434854342060e-08
1.343255434854342060e-08
1.343255434854342060e-08
1.343255434854343549e-08
1.343255434854343549e-08
1.343255434854344376e-08
1.343255434854345700e-08
1.343255434854347189e-08
1.343255434854348016e-08
1.343255434854348677e-08
1.343255434854348677e-08
1.343255434854348677e-08
1.343255434854348677e-08
1.343255434854348677e-08
1.343255434854348677e-08
1.343255434854349505e-08
1.343255434854350166e-08
1.343255434854350828e-08
1.343255434854351655e-08
1.343255434854352317e-08
1.343255434854353806e-08
1.343255434854355295e-08
1.343255434854355295e-08
1.343255434854356122e-08
1.343255434854355295e-08
1.343255434854356122e-08
1.343255434854355295e-08
1.343255434854354964e-08
1.343255434854354633e-08
1.343255434854354633e-08
1.343255434854354633e-08
1.343255434854353475e-08
1.343255434854353144e-08
1.343255434854352813e-08
1.343255434854352813e-08
1.343255434854352813e-08
1.343255434854352317e-08
1.343255434854351986e-08
1.343255434854351655e-08
1.343255434854351655e-08
1.343255434854351655e-08
1.343255434854351655e-08
1.343255434854351655e-08
1.343255434854351490e-08
1.343255434854351159e-08
1.343255434854351159e-08
1.343255434854350828e-08
1.343255434854350663e-08
1.343255434854350332e-08
1.343255434854350001e-08
1.343255434854350001e-08
1.343255434854350001e-08
1.343255434854349670e-08
1.343255434854349670e-08
1.343255434854349836e-08
1.343255434854349670e-08
1.343255434854349670e-08
1.343255434854349836e-08
1.343255434854349836e-08
1.343255434854349836e-08
1.343255434854350001e-08
1.343255434854350001e-08
1.343255434854350166e-08
1.343255434854350166e-08
1.343255434854350332e-08
1.343255434854350332e-08
1.343255434854350332e-08
1.343255434854350332e-08
1.343255434854350332e-08
1.343255434854350332e-08
1.343255434854350166e-08
1.343255434854350332e-08
1.343255434854350332e-08
1.343255434854350332e-08
1.343255434854350332e-08
1.343255434854350332e-08
1.343255434854350332e-08
1.343255434854350332e-08
1.343255434854350332e-08
1.343255434854350332e-08
1.343255434854350332e-08
1.343255434854350332e-08
1.343255434854350332e-08
1.343255434854350166e-08
1.343255434854350332e-08
1.343255434854350332e-08
1.343255434854350332e-08
1.343255434854350332e-08
1.343255434854350332e-08
1.343255434854350332e-08
1.343255434854350332e-08
1.343255434854350332e-08
1.343255434854350166e-08
1.343255434854350166e-08
1.343255434854350166e-08
1.343255434854350166e-08
1.343255434854350001e-08
1.343255434854350332e-08
1.343255434854350332e-08
1.343255434854350332e-08
1.343255434854350166e-08
1.343255434854350001e-08
1.343255434854350001e-08
1.343255434854349836e-08
1.343255434854349670e-08
1.343255434854349670e-08
1.343255434854349505e-08
1.343255434854349670e-08
1.343255434854350001e-08
1.343255434854350001e-08
1.343255434854350001e-08
1.343255434854350332e-08
1.343255434854350497e-08
1.343255434854350663e-08
1.343255434854351159e-08
1.343255434854351324e-08
1.343255434854351821e-08
1.343255434854351655e-08
1.343255434854351324e-08
1.343255434854351986e-08
1.343255434854351986e-08
1.343255434854352813e-08
1.343255434854353144e-08
1.343255434854353144e-08
1.343255434854353475e-08
1.343255434854353806e-08
1.343255434854353806e-08
1.343255434854354137e-08
1.343255434854354633e-08
1.343255434854354633e-08
1.343255434854354633e-08
1.343255434854355295e-08
1.343255434854355295e-08
1.343255434854355295e-08
1.343255434854355295e-08
1.343255434854356122e-08
1.343255434854355295e-08
1.343255434854353806e-08
1.343255434854353144e-08
1.343255434854351655e-08
1.343255434854351655e-08
1.343255434854350828e-08
1.343255434854350166e-08
1.343255434854350166e-08
1.343255434854349505e-08
1.343255434854349505e-08
1.343255434854349505e-08
1.343255434854349505e-08
1.343255434854348677e-08
1.343255434854348016e-08
1.343255434854346527e-08
1.343255434854345038e-08
1.343255434854344376e-08
1.343255434854342887e-08
1.343255434854342887e-08
1.343255434854342060e-08
1.343255434854342060e-08
1.343255434854342060e-08
1.343255434854342060e-08
1.343255434854342060e-08
1.343255434854340571e-08
1.343255434854339082e-08
1.343255434854339082e-08
1.343255434854339082e-08
1.343255434854339082e-08
1.343255434854337759e-08
1.343255434854339082e-08
1.343255434854337759e-08
1.343255434854337759e-08
