9.886058524365283002e-08
9.886058524365284325e-08
9.886058524365284325e-08
9.886058524365284325e-08
9.886058524365285649e-08
9.886058524365284325e-08
9.886058524365284325e-08
9.886058524365284325e-08
9.886058524365284325e-08
9.886058524365284325e-08
9.886058524365284325e-08
9.886058524365284325e-08
9.886058524365283002e-08
9.886058524365283002e-08
9.886058524365283002e-08
9.886058524365284325e-08
9.886058524365284325e-08
9.886058524365283002e-08
9.886058524365284325e-08
9.886058524365286972e-08
9.886058524365292266e-08
9.886058524365292266e-08
9.886058524365294913e-08
9.886058524365294913e-08
9.886058524365298884e-08
9.886058524365300207e-08
9.886058524365300207e-08
9.886058524365302854e-08
9.886058524365302854e-08
9.886058524365306825e-08
9.886058524365306825e-08
9.886058524365313442e-08
9.886058524365306825e-08
9.886058524365313442e-08
9.886058524365322706e-08
9.886058524365316089e-08
9.886058524365316089e-08
9.886058524365316089e-08
9.886058524365302854e-08
9.886058524365302854e-08
9.886058524365297560e-08
9.886058524365290943e-08
9.886058524365284325e-08
9.886058524365284325e-08
9.886058524365277708e-08
9.886058524365271090e-08
9.886058524365271090e-08
9.886058524365271090e-08
9.886058524365259179e-08
9.886058524365245944e-08
9.886058524365232709e-08
9.886058524365232709e-08
9.886058524365220798e-08
9.886058524365220798e-08
9.886058524365220798e-08
9.886058524365220798e-08
9.886058524365220798e-08
9.886058524365207563e-08
9.886058524365194328e-08
9.886058524365194328e-08
9.886058524365194328e-08
9.886058524365194328e-08
9.886058524365182417e-08
9.886058524365155947e-08
9.886058524365144035e-08
9.886058524365144035e-08
9.886058524365130801e-08
9.886058524365130801e-08
9.886058524365130801e-08
9.886058524365118889e-08
9.886058524365118889e-08
9.886058524365092419e-08
9.886058524365118889e-08
9.886058524365092419e-08
9.886058524365067273e-08
9.886058524365067273e-08
9.886058524365067273e-08
9.886058524365067273e-08
9.886058524365042127e-08
9.886058524365042127e-08
9.886058524365042127e-08
9.886058524365015657e-08
9.886058524365015657e-08
9.886058524364990511e-08
9.886058524364990511e-08
9.886058524364990511e-08
9.886058524364990511e-08
9.886058524364990511e-08
9.886058524364965364e-08
9.886058524364965364e-08
9.886058524364965364e-08
9.886058524364965364e-08
9.886058524364938895e-08
9.886058524364965364e-08
9.886058524364913748e-08
9.886058524364913748e-08
9.886058524364913748e-08
9.886058524364888602e-08
9.886058524364913748e-08
9.886058524364913748e-08
1.487587214098217633e-08
1.487587214098217633e-08
1.487587214098217798e-08
1.487587214098217798e-08
1.487587214098217964e-08
1.487587214098217964e-08
1.487587214098217964e-08
1.487587214098217964e-08
1.487587214098218129e-08
1.487587214098218295e-08
1.487587214098218129e-08
1.487587214098218295e-08
1.487587214098218460e-08
1.487587214098218295e-08
1.487587214098218295e-08
1.487587214098218460e-08
1.487587214098218626e-08
1.487587214098218791e-08
1.487587214098218791e-08
1.487587214098218956e-08
1.487587214098218956e-08
1.487587214098218791e-08
1.487587214098218956e-08
1.487587214098218956e-08
1.487587214098219122e-08
1.487587214098219287e-08
1.487587214098219287e-08
1.487587214098219287e-08
1.487587214098219784e-08
1.487587214098219784e-08
1.487587214098219784e-08
1.487587214098219618e-08
1.487587214098219784e-08
1.487587214098219949e-08
1.487587214098219618e-08
1.487587214098219784e-08
1.487587214098219784e-08
1.487587214098220114e-08
1.487587214098220114e-08
1.487587214098220445e-08
1.487587214098221107e-08
1.487587214098220776e-08
1.487587214098220776e-08
1.487587214098221107e-08
1.487587214098221107e-08
1.487587214098221107e-08
1.487587214098221438e-08
1.487587214098221438e-08
1.487587214098221438e-08
1.487587214098222100e-08
1.487587214098221769e-08
1.487587214098221769e-08
1.487587214098222431e-08
1.487587214098222431e-08
1.487587214098222761e-08
1.487587214098223092e-08
1.487587214098223423e-08
1.487587214098223423e-08
1.487587214098223423e-08
1.487587214098223423e-08
1.487587214098223423e-08
1.487587214098222761e-08
1.487587214098222100e-08
1.487587214098221438e-08
1.487587214098220776e-08
1.487587214098220114e-08
1.487587214098219453e-08
1.487587214098218791e-08
1.487587214098218129e-08
1.487587214098217467e-08
1.487587214098217467e-08
1.487587214098216806e-08
1.487587214098216144e-08
1.487587214098215482e-08
1.487587214098214820e-08
1.487587214098214159e-08
1.487587214098213497e-08
1.487587214098212174e-08
1.487587214098210850e-08
1.487587214098210188e-08
1.487587214098209527e-08
1.487587214098208865e-08
1.487587214098208865e-08
1.487587214098208203e-08
1.487587214098206218e-08
1.487587214098205556e-08
1.487587214098204894e-08
1.487587214098204233e-08
1.487587214098204233e-08
1.487587214098203571e-08
1.487587214098202247e-08
1.487587214098200924e-08
1.487587214098200262e-08
1.487587214098199600e-08
1.487587214098200262e-08
1.487587214098198939e-08
1.487587214098197615e-08
1.487587214098196292e-08
1.487587214098196292e-08
1.487587214098196292e-08
1.487587182990815351e-08
1.487587182990815351e-08
1.487587182990815351e-08
1.487587182990815351e-08
1.487587182990815351e-08
1.487587182990820645e-08
1.487587182990820645e-08
1.487587182990820645e-08
1.487587182990820645e-08
1.487587182990823292e-08
1.487587182990823292e-08
1.487587182990828586e-08
1.487587182990831233e-08
1.487587182990833880e-08
1.487587182990833880e-08
1.487587182990831233e-08
1.487587182990836527e-08
1.487587182990836527e-08
1.487587182990839174e-08
1.487587182990841821e-08
1.487587182990844468e-08
1.487587182990844468e-08
1.487587182990844468e-08
1.487587182990844468e-08
1.487587182990844468e-08
1.487587182990847115e-08
1.487587182990847115e-08
1.487587182990847115e-08
1.487587182990849761e-08
1.487587182990849761e-08
1.487587182990852408e-08
1.487587182990849761e-08
1.487587182990852408e-08
1.487587182990852408e-08
1.487587182990852408e-08
1.487587182990855055e-08
1.487587182990857868e-08
1.487587182990857868e-08
1.487587182990855055e-08
1.487587182990855055e-08
1.487587182990857868e-08
1.487587182990857868e-08
1.487587182990857868e-08
1.487587182990860515e-08
1.487587182990860515e-08
1.487587182990860515e-08
1.487587182990865809e-08
1.487587182990868456e-08
1.487587182990868456e-08
1.487587182990868456e-08
1.487587182990868456e-08
1.487587182990871103e-08
1.487587182990871103e-08
1.487587182990871103e-08
1.487587182990876397e-08
1.487587182990876397e-08
1.487587182990879044e-08
1.487587182990879044e-08
1.487587182990873750e-08
1.487587182990879044e-08
1.487587182990879044e-08
1.487587182990879044e-08
1.487587182990881691e-08
1.487587182990881691e-08
1.487587182990881691e-08
1.487587182990884338e-08
1.487587182990881691e-08
1.487587182990884338e-08
1.487587182990881691e-08
1.487587182990884338e-08
1.487587182990886985e-08
1.487587182990886985e-08
1.487587182990886985e-08
1.487587182990892279e-08
1.487587182990892279e-08
1.487587182990894926e-08
1.487587182990894926e-08
1.487587182990892279e-08
1.487587182990894926e-08
1.487587182990897573e-08
1.487587182990897573e-08
1.487587182990900220e-08
1.487587182990900220e-08
1.487587182990902866e-08
1.487587182990902866e-08
1.487587182990900220e-08
1.487587182990902866e-08
1.487587182990902866e-08
1.487587182990905513e-08
1.487587182990908160e-08
1.487587182990908160e-08
1.487587182990908160e-08
1.487587182990908160e-08
1.487587182990905513e-08
1.487587182990910807e-08
1.487587182990910807e-08
1.487587182990908160e-08
1.487587182990910807e-08
1.487587182990913454e-08
1.487587182990913454e-08
1.487587182990916101e-08
1.487587182990918748e-08
1.487587182990918748e-08
1.487587182990918748e-08
1.487587182990924042e-08
1.487587182990924042e-08
1.487587182990924042e-08
1.487587182990924042e-08
1.487587182990929336e-08
1.487587182990931983e-08
1.487587182990926689e-08
1.487587182990929336e-08
1.487587182990931983e-08
1.487587182990931983e-08
1.487587182990934630e-08
1.487587182990934630e-08
1.487587182990934630e-08
1.487587182990937277e-08
1.487587182990937277e-08
1.487587182990937277e-08
1.487587182990939924e-08
1.487587182990939924e-08
1.487587182990942571e-08
1.487587182990945218e-08
1.487587182990945218e-08
1.487587182990945218e-08
1.487587182990947865e-08
1.487587182990947865e-08
1.487587182990946542e-08
1.487587182990949189e-08
1.487587182990950512e-08
1.487587182990951836e-08
1.487587182990951836e-08
1.487587182990953159e-08
1.487587182990954648e-08
1.487587182990954648e-08
1.487587182990955971e-08
1.487587182990954648e-08
1.487587182990957295e-08
1.487587182990958618e-08
1.487587182990959942e-08
1.487587182990961265e-08
1.487587182990961265e-08
1.487587182990962589e-08
1.487587182990962589e-08
1.487587182990963912e-08
1.487587182990965236e-08
1.487587182990965236e-08
1.487587182990966559e-08
1.487587182990965236e-08
1.487587182990966559e-08
1.487587182990967883e-08
1.487587182990967883e-08
1.487587182990969206e-08
1.487587182990971192e-08
1.487587182990971192e-08
1.487587182990971192e-08
1.487587182990971853e-08
1.487587182990971853e-08
1.487587182990972515e-08
1.487587182990973177e-08
1.487587182990975162e-08
1.487587182990975162e-08
1.487587182990976486e-08
1.487587182990977147e-08
1.487587182990977147e-08
1.487587182990977147e-08
1.487587182990977147e-08
1.487587182990977809e-08
1.487587182990977809e-08
1.487587182990978471e-08
1.487587182990978802e-08
1.487587182990978802e-08
1.487587182990978140e-08
1.487587182990977809e-08
1.487587182990977478e-08
1.487587182990977478e-08
1.487587182990977809e-08
1.487587182990977478e-08
1.487587182990977147e-08
1.487587182990977478e-08
1.487587182990977478e-08
1.487587182990977147e-08
1.487587182990977147e-08
1.487587182990976651e-08
1.487587182990976651e-08
1.487587182990976651e-08
1.487587182990976486e-08
1.487587182990976320e-08
1.487587182990976155e-08
1.487587182990975989e-08
1.487587182990975824e-08
1.487587182990975989e-08
1.487587182990975824e-08
1.487587182990975824e-08
1.487587182990975989e-08
1.487587182990975824e-08
1.487587182990975989e-08
1.487587182990975989e-08
1.487587182990976155e-08
1.487587182990976155e-08
1.487587182990976155e-08
1.487587182990976155e-08
1.487587182990976155e-08
1.487587182990976155e-08
1.487587182990976320e-08
1.487587182990976320e-08
1.487587182990976320e-08
1.487587182990976320e-08
1.487587182990976320e-08
1.487587182990976155e-08
1.487587182990976155e-08
1.487587182990976320e-08
1.487587182990976320e-08
1.487587182990976486e-08
1.487587182990976486e-08
1.487587182990976320e-08
1.487587182990976320e-08
1.487587182990976320e-08
1.487587182990976320e-08
1.487587182990976320e-08
1.487587182990976486e-08
1.487587182990976486e-08
1.487587182990976320e-08
1.487587182990976155e-08
1.487587182990976155e-08
1.487587182990976155e-08
1.487587182990976155e-08
1.487587182990976320e-08
1.487587182990976320e-08
1.487587182990976155e-08
1.487587182990976155e-08
1.487587182990975989e-08
1.487587182990976155e-08
1.487587182990976155e-08
1.487587182990975989e-08
1.487587182990975824e-08
1.487587182990975824e-08
1.487587182990975658e-08
1.487587182990975824e-08
1.487587182990975989e-08
1.487587182990976155e-08
1.487587182990975989e-08
1.487587182990976155e-08
1.487587182990975989e-08
1.487587182990976155e-08
1.487587182990976486e-08
1.487587182990976155e-08
1.487587182990976486e-08
1.487587182990977147e-08
1.487587182990977478e-08
1.487587182990977478e-08
1.487587182990977147e-08
1.487587182990977809e-08
1.487587182990977809e-08
1.487587182990977809e-08
1.487587182990978471e-08
1.487587182990978140e-08
1.487587182990978140e-08
1.487587182990978471e-08
1.487587182990978471e-08
1.487587182990977147e-08
1.487587182990976486e-08
1.487587182990977147e-08
1.487587182990975824e-08
1.487587182990975162e-08
1.487587182990974500e-08
1.487587182990973177e-08
1.487587182990971192e-08
1.487587182990971192e-08
1.487587182990970530e-08
1.487587182990970530e-08
1.487587182990970530e-08
1.487587182990969868e-08
1.487587182990969206e-08
1.487587182990967221e-08
1.487587182990967221e-08
1.487587182990965898e-08
1.487587182990966559e-08
1.487587182990966559e-08
1.487587182990965236e-08
1.487587182990965236e-08
1.487587182990963912e-08
1.487587182990963912e-08
1.487587182990961265e-08
1.487587182990959942e-08
1.487587182990959942e-08
1.487587182990958618e-08
1.487587182990957295e-08
1.487587182990957295e-08
1.487587182990955971e-08
1.487587182990954648e-08
1.487587182990954648e-08
1.487587182990953159e-08
1.487587182990953159e-08
1.487587182990953159e-08
1.487587182990951836e-08
1.487587182990950512e-08
1.487587182990949189e-08
1.487587182990946542e-08
1.487587182990946542e-08
1.487587182990945218e-08
1.487587182990945218e-08
1.487587182990945218e-08
