9.062214768382365624e-04
9.124811634404945710e-04
9.228196218935707813e-04
9.371018663075519244e-04
9.551510003604824807e-04
9.767582257188284905e-04
1.001693317286477154e-03
1.029714545226301974e-03
1.060577323806266570e-03
1.094041199983229436e-03
1.129875084740192314e-03
1.167860839029975653e-03
1.207795447884355260e-03
1.249492065155986343e-03
1.292780209553272188e-03
1.337505361448940991e-03
1.383528165945295237e-03
1.430723401776343813e-03
1.478978833920290394e-03
1.528194032950397265e-03
1.578279216701977249e-03
1.629154149173381609e-03
1.680747116621507603e-03
1.732993990370829129e-03
1.785837378838995735e-03
1.839225866777348785e-03
1.893113337007184182e-03
1.947458368451888359e-03
2.002223703615392102e-03
2.057375778547178291e-03
2.112884308558590774e-03
2.168721923373497212e-03
2.224863845914129643e-03
2.281287609478033045e-03
2.337972808615919676e-03
2.394900879548895242e-03
2.452054906454574981e-03
2.509419450398650813e-03
2.566980398089830587e-03
2.624724827993021956e-03
2.682640891650577616e-03
2.740717708337698979e-03
2.798945271419775709e-03
2.857314364989896500e-03
2.915816489547884329e-03
2.974443795641179902e-03
3.033189024525918560e-03
3.092045455026155507e-03
3.151006855872987532e-03
3.210067442895315950e-03
3.269221840512143065e-03
3.328465047044047980e-03
3.387792403420482497e-03
3.447199564910671810e-03
3.506682475550694858e-03
3.566237344977981824e-03
3.625860627418557060e-03
3.685549002601897200e-03
3.745299358404187949e-03
3.805108775043493981e-03
3.864974510670206830e-03
3.924893988213572216e-03
3.984864783360527775e-03
4.044884613556501939e-03
4.104951327929784802e-03
4.165062898051607662e-03
4.225217409453257619e-03
4.285413053829807868e-03
4.345648121867458531e-03
4.405920996637672366e-03
4.466230147507225905e-03
4.526574124518394082e-03
4.586951553197780689e-03
4.647361129756870206e-03
4.707801616650153856e-03
4.768271838460938841e-03
4.828770678086998468e-03
4.889297073201125630e-03
4.949850012964108516e-03
5.010428534969396837e-03
5.071031722401034107e-03
5.131658701387592850e-03
5.192308638536762173e-03
5.252980738636620593e-03
5.313674242510382437e-03
5.374388425013256268e-03
5.435122593160331313e-03
5.495876084375858964e-03
5.556648264854861970e-03
5.617438528028735091e-03
5.678246293127481997e-03
5.739071003831330321e-03
5.799912127005591757e-03
5.860769151512655768e-03
5.921641587096097489e-03
5.982528963331183031e-03
6.043430828638167440e-03
6.104346749353230586e-03
6.165276308853590188e-03
6.226219106733295663e-03
6.290286749105485943e-03
6.356199312368513744e-03
6.423900015702476395e-03
6.493332928899996949e-03
6.564443086807757698e-03
6.637176580063674017e-03
6.711480631765223172e-03
6.787303661011500483e-03
6.864595334293704942e-03
6.943306605720370346e-03
7.023389747058025358e-03
7.104798368548247318e-03
7.187487431430979699e-03
7.271413253064167720e-03
7.356533505483579642e-03
7.442807208195994367e-03
7.530194715945422342e-03
7.618657702137359572e-03
7.708159138551038715e-03
7.798663271915595892e-03
7.890135597873401338e-03
7.982542832803297267e-03
8.075852883928478707e-03
8.170034818088535780e-03
8.265058829512856448e-03
8.360896206893389179e-03
8.457519300018567429e-03
8.554901486196978683e-03
8.653017136669171466e-03
8.751841583178472314e-03
8.851351084846867737e-03
8.951522795479786160e-03
9.052334731403550994e-03
9.153765739921585279e-03
9.255795468459523598e-03
9.358404334455521292e-03
9.461573496039774392e-03
9.565284823536366124e-03
9.669520871811302862e-03
9.774264853482332940e-03
9.879500612999221956e-03
9.985212601596954798e-03
1.009138585311926059e-02
1.019800596070559451e-02
1.030505905433077261e-02
1.041253177918361958e-02
1.052041127486845647e-02
1.062868515541110295e-02
1.073734149004956437e-02
1.084636878478827289e-02
1.095575596469389179e-02
1.106549235690976705e-02
1.117556767436614015e-02
1.128597200016254187e-02
1.139669577259894671e-02
1.150772977083242693e-02
1.161906510113604706e-02
1.173069318373721505e-02
1.184260574021302019e-02
1.195479478142056490e-02
1.206725259594083194e-02
1.217997173901515240e-02
1.229294502195390527e-02
1.240616550199783591e-02
1.251962647261281245e-02
1.263332145419961486e-02
1.274724418520095139e-02
1.286138861358854593e-02
1.297574888871378708e-02
1.309031935350606947e-02
1.320509453700351860e-02
1.332006914720158287e-02
1.343523806420523527e-02
1.355059633367157110e-02
1.366613916052972048e-02
1.378186190296583347e-02
1.389776006666126017e-02
1.401382929927272140e-02
1.413006538514352539e-02
1.424646424023567719e-02
1.436302190727296348e-02
1.447973455108548038e-02
1.459659845414678497e-02
1.471361001229503848e-02
1.483076573062983711e-02
1.494806221957701263e-02
1.506549619111409791e-02
1.518306445514895110e-02
1.530076391604509936e-02
1.541859156928721518e-02
1.553654449828045271e-02
1.565461987127789861e-02
1.577281493843046487e-02
1.589112702895385809e-02
1.600955354840747497e-02
1.612809197608050180e-02
1.624673986248024657e-02
1.636549482691872573e-02
1.648435455519287399e-02
1.660331679735464749e-02
1.660331707001833426e-02
1.660331707001833426e-02
1.658725123016874248e-02
1.657118586885866079e-02
1.655512098748123870e-02
1.653905658743488188e-02
1.652299267012372411e-02
1.650692923695699574e-02
1.649086628934948520e-02
1.647480382872140020e-02
1.645874185649860710e-02
1.644268037411224584e-02
1.642661938299931276e-02
1.641055888460218187e-02
1.639449888036894135e-02
1.637843937175325476e-02
1.636238036021425007e-02
1.634632184721720310e-02
1.633026383423269098e-02
1.631420632273726176e-02
1.629814931421315685e-02
1.628209281014848797e-02
1.626603681203708449e-02
1.624998132137868423e-02
1.623392633967891963e-02
1.621787186844927606e-02
1.620181790920734166e-02
1.618576446347651590e-02
1.616971153278620385e-02
1.615365911867200008e-02
1.613760722267534517e-02
1.612155584634403227e-02
1.610550499123161033e-02
1.608945465889813700e-02
1.607340485090965124e-02
1.605735556883839538e-02
1.604130681426295391e-02
1.602525858876819101e-02
1.600921089394521241e-02
1.599316373139135841e-02
1.597711710271043986e-02
1.596107100951276239e-02
1.594502545341490787e-02
1.592898043603991828e-02
1.591293595901747612e-02
1.589689202398363727e-02
1.588084863258096974e-02
1.586480578645886944e-02
1.584876348727321665e-02
1.583272173668648364e-02
1.581668053636789070e-02
1.580063988799332297e-02
1.578459979324557672e-02
1.576856025381407830e-02
1.575252127139503341e-02
1.573648284769180172e-02
1.572044498441428281e-02
1.570440768327955108e-02
1.568837094601159554e-02
1.567233477434104919e-02
1.565629917000617433e-02
1.564026413475189808e-02
1.562422967033029984e-02
1.560819577850074830e-02
1.559216246102963256e-02
1.557612971969055647e-02
1.556009755626456235e-02
1.554406597253963837e-02
1.552803497031147312e-02
1.551200455138273399e-02
1.549597471756376452e-02
1.547994547067230338e-02
1.546391681253344794e-02
1.544788874497977048e-02
1.543186126985166343e-02
1.541583438899677902e-02
1.539980810427062606e-02
1.538378241753628368e-02
1.536775733066438575e-02
1.535173284553354930e-02
1.533570896403012654e-02
1.531968568804814405e-02
1.530366301948967930e-02
1.528764096026451885e-02
1.527161951229059032e-02
1.525559867749370045e-02
1.523957845780754203e-02
1.522355885517415880e-02
1.520753987154346148e-02
1.519152150887365278e-02
1.517550376913113543e-02
1.515948665429043933e-02
1.514347016633442629e-02
1.512745430725432293e-02
1.511143907904947611e-02
1.509542448372807807e-02
1.507941052330648117e-02
1.506339719980943383e-02
1.504738451527046564e-02
1.503137247173163757e-02
1.501536107124350206e-02
1.499935031586541873e-02
1.499935031586541873e-02
1.487128774681981298e-02
1.474326767952208704e-02
1.461529123083217703e-02
1.448735955668624571e-02
1.435947385380278475e-02
1.423163536147725554e-02
1.410384536347177899e-02
1.397610519000453376e-02
1.384841621984565785e-02
1.372077988252731404e-02
1.359319766067272443e-02
1.346567109245352598e-02
1.333820177418338845e-02
1.321079136305574990e-02
1.308344158003603430e-02
1.295615421291802447e-02
1.282893111955474806e-02
1.270177423127631829e-02
1.257468555650677507e-02
1.244766718459299100e-02
1.232072128986105505e-02
1.219385013591473346e-02
1.206705608019326137e-02
1.194034157880664339e-02
1.181370919166788852e-02
1.168716158794287641e-02
1.156070155184123899e-02
1.143433198877271198e-02
1.130805593189503772e-02
1.118187654908297038e-02
1.105579715034901885e-02
1.092982119575011159e-02
1.080395230381645151e-02
1.067819426054245763e-02
1.055255102898312869e-02
1.042702675950205222e-02
1.030162580072293069e-02
1.017635271123883307e-02
1.005121227214034359e-02
9.926209500427682006e-03
9.801349663378287197e-03
9.676638293947955813e-03
9.552081207290017209e-03
9.427684518485720047e-03
9.303454661586572916e-03
9.179398410079352491e-03
9.055522898894762321e-03
8.931835648091383459e-03
8.808344588360161875e-03
8.685058088506999313e-03
8.561984985087091674e-03
8.439134614380892560e-03
8.316516846919514913e-03
8.194142124787657383e-03
8.072021501954268485e-03
7.950166687904958521e-03
7.828590094876877042e-03
7.707304889026003747e-03
7.586325045888345740e-03
7.465665410531794124e-03
7.345341762832947007e-03
7.225370888355418797e-03
7.105770655350431876e-03
6.986560098450003524e-03
6.867759509675425318e-03
6.749390537440383073e-03
6.631476294288586419e-03
6.514041474169642715e-03
6.397112480124301365e-03
6.280717563319582718e-03
6.164886974445614107e-03
6.049653128556742830e-03
5.935050784508306282e-03
5.821117240203809752e-03
5.707892544921674624e-03
5.595419730030623540e-03
5.483745059421400898e-03
5.372918300971114315e-03
5.262993020303289096e-03
5.154026897997434145e-03
5.046082071218227841e-03
4.939225500453300541e-03
4.833529361642001539e-03
4.729071463411353184e-03
4.625935688368026065e-03
4.524212456378614265e-03
4.423999206448274782e-03
4.325400892117123308e-03
4.228530483166621605e-03
4.133509463794675896e-03
4.040468314213102770e-03
3.949546958792751750e-03
3.860895159406320214e-03
3.774672827519538754e-03
3.691050222954250087e-03
3.610208001292444617e-03
3.532337065950876681e-03
3.457638175554811431e-03
3.386321253113273692e-03
3.318604341615371146e-03
3.254712152212423104e-03
3.194874157458967631e-03
3.139322194504438109e-03
3.088287562790465596e-03
3.041997628324761421e-03
3.000671981681731024e-03
2.964518237966356443e-03
2.933727610990773723e-03
2.908470436228156267e-03
2.888891851905477787e-03
2.875107868631647957e-03
2.867202059708813533e-03
2.865223083251703783e-03
2.869183203120259738e-03
2.879057911888115336e-03
2.894786682574861103e-03
2.916274796017871793e-03
2.943396117554427597e-03
2.975996638850415127e-03
3.013898564108048132e-03
3.056904706673930789e-03
3.104802970770770450e-03
3.157370719379950195e-03
3.214378867302019639e-03
3.275595581903672886e-03
3.340789517536984447e-03
3.409732548962194666e-03
3.482202001763905642e-03
3.557982402625674018e-03
3.636866789472564462e-03
3.718657631728426727e-03
3.803167415500501719e-03
3.890218948761952657e-03
3.979645438849726928e-03
4.071290389947320940e-03
4.165007362570499749e-03
4.260659631081156924e-03
4.358119769378975168e-03
4.457269189453131816e-03
4.557997652578774268e-03
4.660202768683796744e-03
4.763789495795521002e-03
4.868669648469122098e-03
4.974761421642873681e-03
5.081988934391448720e-03
5.190281796488230119e-03
5.299574699474111916e-03
5.409807033002587626e-03
5.520922526535897504e-03
5.632868915958180039e-03
5.745597634310400936e-03
5.859063525606102336e-03
5.973224580530304452e-03
6.088041692735364496e-03
6.203478434409675883e-03
6.319500849794769740e-03
6.436077265353234295e-03
6.553178115335019961e-03
6.670775781547761719e-03
6.788844446202276992e-03
6.907359956774207672e-03
7.026299701893835327e-03
7.145642497346759055e-03
7.265368481337458086e-03
7.385459018233373613e-03
7.505896610070428819e-03
7.626664815159879714e-03
7.747748173191862375e-03
7.869132136282054255e-03
7.990803005456034377e-03
8.112747872109216454e-03
8.234954564020929846e-03
8.357411595538117438e-03
8.480108121577789593e-03
8.603033895128713721e-03
8.726179227960321333e-03
8.849534954273478859e-03
8.973092397050158597e-03
9.096843336881176023e-03
9.220779983070243394e-03
9.344894946829909038e-03
9.469181216401716117e-03
9.593632133946551274e-03
9.718241374065446012e-03
9.843002923822201031e-03
9.967911064150628692e-03
1.009296035253925798e-02
1.021814560689520042e-02
1.034346189049696954e-02
1.046890449795408705e-02
1.059446894209770985e-02
1.072015094173264620e-02
1.084594641018748681e-02
1.097185144460385842e-02
1.109786231591119478e-02
1.122397545943757714e-02
1.135018746611092880e-02
1.147649507420861643e-02
1.160289516161708626e-02
1.172938473856529121e-02
1.172938473856529121e-02
