1.944809840128223360e-02
1.944973690295488666e-02
1.945246743238104523e-02
1.945628952978953677e-02
1.946120255204245725e-02
1.946720567317563461e-02
1.947429788509181040e-02
1.948247799840497479e-02
1.949174464343427990e-02
1.950209627134570634e-02
1.951353115543917258e-02
1.952604739257863750e-02
1.953964290476238597e-02
1.955431544083063855e-02
1.957006257830710971e-02
1.958688172537112471e-02
1.960477012295657254e-02
1.962372484697378835e-02
1.964374281065027830e-02
1.966482076698602630e-02
1.968695531131890372e-02
1.971014288399560582e-02
1.973437977314336858e-02
1.975966211753758112e-02
1.978598590956037739e-02
1.981334699824504816e-02
1.984174109240121123e-02
1.987116376381543870e-02
1.990161045052216485e-02
1.993307646013948303e-02
1.996555697326455117e-02
1.999904704692328714e-02
2.003354161806897640e-02
2.006903550712451842e-02
2.010552342156303809e-02
2.014299995952160971e-02
2.018145961344291334e-02
2.022089677373977573e-02
2.026130573247746786e-02
2.030268068706891915e-02
2.034501574397794624e-02
2.038830492242579839e-02
2.043254215809638119e-02
2.047772130683568614e-02
2.052383614834105835e-02
2.057088038983605552e-02
2.061884766972697097e-02
2.066773156123672892e-02
2.071752557601292191e-02
2.076822316770574745e-02
2.081981773551299514e-02
2.087230262768837927e-02
2.092567114501000733e-02
2.097991654420660115e-02
2.103503204133798724e-02
2.109101081512761156e-02
2.114784601024455313e-02
2.120553074053265277e-02
2.126405809218472054e-02
2.132342112685977828e-02
2.138361288474157143e-02
2.144462638753664649e-02
2.150645464141066540e-02
2.156909063986118050e-02
2.163252736652637037e-02
2.169675779792800893e-02
2.176177490614815760e-02
2.182757166143869595e-02
2.189414103476306980e-02
2.196147600026971888e-02
2.202956953769687198e-02
2.209841463470837639e-02
2.216800428916047144e-02
2.223833151129942995e-02
2.230938932589016793e-02
2.238117077427592694e-02
2.245366891636945555e-02
2.252687683257582202e-02
2.260078762564745117e-02
2.267539442247190964e-02
2.275069037579283138e-02
2.282666866586509011e-02
2.290332250204442019e-02
2.298064512431262363e-02
2.305862980473916135e-02
2.313726984887995095e-02
2.321655859711437703e-02
2.329648942592156546e-02
2.337705574909674025e-02
2.345825101890910633e-02
2.354006872720204938e-02
2.362250240643682872e-02
2.370554563068109910e-02
2.378919201654328824e-02
2.387343522405399251e-02
2.395826895749583740e-02
2.404368696618279164e-02
2.412968304519021862e-02
2.421625103603703213e-02
2.430338482732107008e-02
2.439719059397431333e-02
2.449748215500165485e-02
2.460418071231679216e-02
2.471720329341206557e-02
2.483646356277761577e-02
2.496187211521406699e-02
2.509333676937414159e-02
2.523076285965103818e-02
2.537405352466317460e-02
2.552310999072802261e-02
2.567783184887167947e-02
2.583811732407874720e-02
2.600386353564771921e-02
2.617496674767947826e-02
2.635132260888359973e-02
2.653282638104334859e-02
2.671937315562495849e-02
2.691085805815682588e-02
2.710717644013851610e-02
2.730822405835174951e-02
2.751389724156291100e-02
2.772409304470068239e-02
2.793870939068178808e-02
2.815764520013199976e-02
2.838080050932080198e-02
2.860807657667695236e-02
2.883937597830373706e-02
2.907460269294688190e-02
2.931366217689742454e-02
2.955646142933241252e-02
2.980290904861084347e-02
3.005291528004768245e-02
3.030639205569481479e-02
3.056325302665017715e-02
3.082341358841362775e-02
3.108679089979478685e-02
3.135330389586601929e-02
3.162287329543746889e-02
3.189542160351323263e-02
3.217087310916857956e-02
3.244915387926777806e-02
3.273019174842043549e-02
3.301391630555425283e-02
3.330025887745791113e-02
3.358915250962859339e-02
3.388053194473582275e-02
3.417433359899264833e-02
3.447049553670512162e-02
3.476895744325095988e-02
3.506966059671762226e-02
3.537254783841773526e-02
3.567756354247210437e-02
3.598465358464508768e-02
3.629376531059441691e-02
3.660484750368309115e-02
3.691785035249321723e-02
3.723272541815968867e-02
3.754942560163678639e-02
3.786790511099669132e-02
3.818811942884650645e-02
3.851002527994541041e-02
3.883358059909008952e-02
3.915874449933007956e-02
3.948547724056813979e-02
3.981374019859005436e-02
4.014349583456862380e-02
4.047470766507192674e-02
4.080734023260811777e-02
4.114135907673011766e-02
4.147673070572042986e-02
4.181342256887208425e-02
4.215140302937817746e-02
4.249064133783882202e-02
4.283110760639356057e-02
4.317277278347868980e-02
4.351560862921571848e-02
4.385958769142830893e-02
4.420468328228251836e-02
4.455086945555077754e-02
4.489812098449051658e-02
4.524641334033179668e-02
4.559572267136664109e-02
4.594602578262892839e-02
4.629730011615801333e-02
4.664952373183494511e-02
4.700267528877737772e-02
4.735673402728773906e-02
4.771167975133660394e-02
4.806749281157417925e-02
4.842415408885513556e-02
4.878164497826413537e-02
4.913994737363291260e-02
4.949904365253180588e-02
4.985891666172576064e-02
5.021954970308203231e-02
5.058092651991984157e-02
5.094303128378405154e-02
5.130584858163263207e-02
5.166936340343365047e-02
5.203356113014469958e-02
5.203357904847261822e-02
5.203357904847261822e-02
5.198264846738079314e-02
5.193172107583798880e-02
5.188079688323784383e-02
5.182987589900694969e-02
5.177895813261347568e-02
5.172804359355972353e-02
5.167713229138227310e-02
5.162622423565984414e-02
5.157531943600494884e-02
5.152441790206830491e-02
5.147351964353905074e-02
5.142262467014152572e-02
5.137173299164049523e-02
5.132084461783893020e-02
5.126995955857432952e-02
5.121907782372827483e-02
5.116819942321640391e-02
5.111732436699665399e-02
5.106645266506260744e-02
5.101558432745127020e-02
5.096471936423315613e-02
5.091385778552508234e-02
5.086299960147777632e-02
5.081214482228445933e-02
5.076129345818099908e-02
5.071044551943780510e-02
5.065960101637073665e-02
5.060875995933677984e-02
5.055792235872914875e-02
5.050708822498672923e-02
5.045625756858552330e-02
5.040543040004805131e-02
5.035460672993610082e-02
5.030378656885092781e-02
5.025296992744091723e-02
5.020215681639350613e-02
5.015134724643954128e-02
5.010054122835345958e-02
5.004973877295023493e-02
4.999893989108968040e-02
4.994814459367748899e-02
4.989735289165805887e-02
4.984656479602208451e-02
4.979578031780595992e-02
4.974499946808788597e-02
4.969422225799138837e-02
4.964344869868379112e-02
4.959267880138006068e-02
4.954191257733852466e-02
4.949115003786106609e-02
4.944039119429697454e-02
4.938963605804409102e-02
4.933888464053916290e-02
4.928813695327399769e-02
4.923739300778164768e-02
4.918665281564121861e-02
4.913591638848122112e-02
4.908518373797655932e-02
4.903445487584959239e-02
4.898372981387123792e-02
4.893300856385678771e-02
4.888229113767422057e-02
4.883157754723877614e-02
4.878086780451361404e-02
4.873016192151006371e-02
4.867945991028833908e-02
4.862876178295987700e-02
4.857806755168486701e-02
4.852737722867338233e-02
4.847669082618472070e-02
4.842600835653121383e-02
4.837532983207318976e-02
4.832465526522194965e-02
4.827398466844230046e-02
4.822331805424810713e-02
4.817265543520566490e-02
4.812199682393322048e-02
4.807134223310118026e-02
4.802069167543243644e-02
4.797004516370178412e-02
4.791940271073938384e-02
4.786876432942629295e-02
4.781813003269787948e-02
4.776749983354409979e-02
4.771687374500585554e-02
4.766625178018386172e-02
4.761563395222800921e-02
4.756502027434621194e-02
4.751441075980001455e-02
4.746380542190876267e-02
4.741320427404525223e-02
4.736260732964061443e-02
4.731201460217689808e-02
4.726142610520052412e-02
4.721084185230862290e-02
4.716026185715786745e-02
4.710968613346394607e-02
4.705911469499804434e-02
4.700854755558944026e-02
4.695798472912812715e-02
4.695798472912812715e-02
4.655363906963646409e-02
4.614957763052901507e-02
4.574580794315373511e-02
4.534233780158610644e-02
4.493917527391608907e-02
4.453632871411595390e-02
4.413380677450340350e-02
4.373161841885232770e-02
4.332977293617510522e-02
4.292827995522597445e-02
4.252714945976744654e-02
4.212639180463983307e-02
4.172601773268190539e-02
4.132603839256281109e-02
4.092646535757146070e-02
4.052731064542587636e-02
4.012858673916431390e-02
3.973030660918500795e-02
3.933248373650584384e-02
3.893513213732008316e-02
3.853826638892939027e-02
3.814190165714113900e-02
3.774605372522207847e-02
3.735073902451136602e-02
3.695597466678957055e-02
3.656177847852972590e-02
3.616816903714095699e-02
3.577516570933992474e-02
3.538278869178726471e-02
3.499105905413640166e-02
3.459999878465149642e-02
3.420963083856885800e-02
3.381997918937601488e-02
3.343106888321019377e-02
3.304292609657137614e-02
3.265557819758324598e-02
3.226905381102591897e-02
3.188338288740256293e-02
3.149859677630106880e-02
3.111472830433728576e-02
3.073181185798922951e-02
3.034988347164454398e-02
2.996898092120255791e-02
2.958914382360251435e-02
2.921041374266564877e-02
2.883283430166023661e-02
2.845645130303005310e-02
2.808131285573869235e-02
2.770746951071973233e-02
2.733497440493557959e-02
2.696388341457762669e-02
2.659425531795968703e-02
2.622615196867681547e-02
2.585963847962430631e-02
2.549478341847705165e-02
2.513165901524728671e-02
2.477034138254258222e-02
2.441091074913367617e-02
2.405345170743841340e-02
2.369805347549450159e-02
2.334481017395879238e-02
2.299382111860413802e-02
2.264519112871412818e-02
2.229903085165469909e-02
2.195545710377114212e-02
2.161459322757326718e-02
2.127656946494920973e-02
2.094152334586936795e-02
2.060960009170016358e-02
2.028095303183393913e-02
1.995574403184538145e-02
1.963414393079164141e-02
1.931633298457511444e-02
1.900250131146836302e-02
1.869284933495049539e-02
1.838758821790925993e-02
1.808694028101662243e-02
1.779113939668165723e-02
1.750043134841787820e-02
1.721507414374528686e-02
1.693533826689148925e-02
1.666150685558966116e-02
1.639387578424076480e-02
1.613275363367337387e-02
1.587846152578764602e-02
1.563133279961973973e-02
1.539171250395636632e-02
1.515995668073816943e-02
1.493643141331624409e-02
1.472151161440203582e-02
1.451557953051407432e-02
1.431902294312763571e-02
1.413223305179982583e-02
1.395560203145608177e-02
1.378952026489003828e-02
1.363437326233497317e-02
1.349053829255778686e-02
1.335838076395086393e-02
1.323825040901735819e-02
1.313047734069235604e-02
1.303536806317542873e-02
1.295320153228165377e-02
1.288422536960545997e-02
1.282865233994192646e-02
1.278665720150662898e-02
1.275837403292506313e-02
1.274389412952819066e-02
1.274326454448235051e-02
1.275648732849800522e-02
1.278351949656395328e-02
1.282427372295845067e-02
1.287861973850942809e-02
1.294638637853510153e-02
1.302736420773385230e-02
1.312130863081126947e-02
1.322794338567000703e-02
1.334696430988750217e-02
1.347804327080764746e-02
1.362083215429754461e-02
1.377496681617635874e-02
1.394007091242383672e-02
1.411575953838404944e-02
1.430164262219512337e-02
1.449732803263859872e-02
1.470242437573815800e-02
1.491654346717428796e-02
1.513930247856000791e-02
1.537032576466737695e-02
1.560924638578345056e-02
1.585570734460064329e-02
1.610936256059126298e-02
1.636987760690254701e-02
1.663693023567721849e-02
1.691021071761210706e-02
1.718942202072912609e-02
1.747427985196657249e-02
1.776451258347358855e-02
1.805986108355673789e-02
1.836007847019665781e-02
1.866492980301880447e-02
1.897419172763079726e-02
1.928765208436725165e-02
1.960510949175570811e-02
1.992637291343549513e-02
2.025126121584258990e-02
2.057960272271362398e-02
2.091123477135147304e-02
2.124600327463670169e-02
2.158376229193135695e-02
2.192437361132012347e-02
2.226770634502659232e-02
2.261363653933946144e-02
2.296204679996521891e-02
2.331282593337123329e-02
2.366586860440530321e-02
2.402107501024294822e-02
2.437835057053495957e-02
2.473760563347840100e-02
2.509875519743037103e-02
2.546171864758946940e-02
2.582641950721981106e-02
2.619278520284238146e-02
2.656074684279430970e-02
2.693023900854167596e-02
2.730119955812937080e-02
2.767356944114486225e-02
2.804729252459768618e-02
2.842231542911811612e-02
2.879858737489775222e-02
2.917606003682472748e-02
2.955468740827100690e-02
2.993442567303164492e-02
3.031523308492526173e-02
3.069706985459448589e-02
3.107989804307236675e-02
3.146368146169687546e-02
3.184838557798381348e-02
3.223397742708986741e-02
3.262042552852154748e-02
3.300769980775567630e-02
3.339577152247629604e-02
3.378461319312971861e-02
3.417419853753412423e-02
3.456450240928717055e-02
3.495550073973838906e-02
3.534717048330107692e-02
3.573948956589425435e-02
3.613243683632799685e-02
3.652599202043948362e-02
3.692013567781938371e-02
3.731484916096312193e-02
3.771011457669846967e-02
3.810591474975279919e-02
3.850223318832991792e-02
3.889905405157171453e-02
3.929636211879024982e-02
3.969414276036790229e-02
4.009238191022484327e-02
4.049106603975267948e-02
4.089018213313896921e-02
4.089018213313896921e-02
