8.033998411061261946e-03
8.035256936355223562e-03
8.037354040588300108e-03
8.040289067594770869e-03
8.044061100179028187e-03
8.048668961545718190e-03
8.054111217129546196e-03
8.060386176818146176e-03
8.067491897560025854e-03
8.075426186348239055e-03
8.084186603569189569e-03
8.093770466704799937e-03
8.104174854375034709e-03
8.115396610706896927e-03
8.127432350014847373e-03
8.140278461776926516e-03
8.153931115889889378e-03
8.168386268186136195e-03
8.183639666194553880e-03
8.199686855126880197e-03
8.216523184070904234e-03
8.234143812371471499e-03
8.252543716180039957e-03
8.271717695153555858e-03
8.291660379283319338e-03
8.312366235834638128e-03
8.333829576378263757e-03
8.356044563894875210e-03
8.379005219934143947e-03
8.402705431810439732e-03
8.427138959817635777e-03
8.452299444446018106e-03
8.478180413584930283e-03
8.504775289695454266e-03
8.532077396937991914e-03
8.560079968240512024e-03
8.588776152293840088e-03
8.618159020461204148e-03
8.648221573590074082e-03
8.678956748715094954e-03
8.710357425641747711e-03
8.742416433401234421e-03
8.775126556567838104e-03
8.808480541430900590e-03
8.842471102014300838e-03
8.877090925937157484e-03
8.912332680110192362e-03
8.948189016263067772e-03
8.984652576298563648e-03
9.021715997470345499e-03
9.059371917381627351e-03
9.097612978802733022e-03
9.136431834306185315e-03
9.175821150718533811e-03
9.215773613388638513e-03
9.256281930272733730e-03
9.297338835837018131e-03
9.338937094779018247e-03
9.381069505569309200e-03
9.423728903815721189e-03
9.466908165452318086e-03
9.510600209755968801e-03
9.554798002193415352e-03
9.599494557102204728e-03
9.644682940208919308e-03
9.690356270988473644e-03
9.736507724868337377e-03
9.783130535281771289e-03
9.830217995574201673e-03
9.877763460767102766e-03
9.925760349183687659e-03
9.974202143940884974e-03
1.002308239431211161e-02
1.007239471696529630e-02
1.012213279708076147e-02
1.017229038935342673e-02
1.022286131888390341e-02
1.027383948196290871e-02
1.032521884675349777e-02
1.037699345387544866e-02
1.042915741689618911e-02
1.048170492273247170e-02
1.053463023196704595e-02
1.058792767908434997e-02
1.064159167262931048e-02
1.069561669529312670e-02
1.074999730392985423e-02
1.080472812950755181e-02
1.085980387699754524e-02
1.091521932520536468e-02
1.097096932654671557e-02
1.102704880677181538e-02
1.108345276464122071e-02
1.114017627155625134e-02
1.119721447114697954e-02
1.125456257882057401e-02
1.131221588127277224e-02
1.137016973596515802e-02
1.142841957057066926e-02
1.148696088238981838e-02
1.154937786616690512e-02
1.161503007742619581e-02
1.168386303359431576e-02
1.175582086288901040e-02
1.183084654693608226e-02
1.190888210363299018e-02
1.198986876423503711e-02
1.207374714383219541e-02
1.216045740451735489e-02
1.224993941067603273e-02
1.234213287595198327e-02
1.243697750156137066e-02
1.253441310573816247e-02
1.263437974419502619e-02
1.273681782157609806e-02
1.284166819396059811e-02
1.294887226254889771e-02
1.305837205872558381e-02
1.317011032074789229e-02
1.328403056235204042e-02
1.340007713360650936e-02
1.351819527436903465e-02
1.363833116072527517e-02
1.376043194480156169e-02
1.388444578835208720e-02
1.401032189052517883e-02
1.413801051021104822e-02
1.426746298336936149e-02
1.439863173572612613e-02
1.453147029121874649e-02
1.466593327655468619e-02
1.480197642223507644e-02
1.493955656037753744e-02
1.507863161965649311e-02
1.521916061766080512e-02
1.536110365095159219e-02
1.550442188308444325e-02
1.564907753084266578e-02
1.579503384891118439e-02
1.594225511320286615e-02
1.609070660303344238e-02
1.624035458232464882e-02
1.639116628000063594e-02
1.654310986972810579e-02
1.669615444913671864e-02
1.685027001864447885e-02
1.700542745999927136e-02
1.716159851463828004e-02
1.731875576195473707e-02
1.747687259755341740e-02
1.763592321156606454e-02
1.779588256709016894e-02
1.795672637880692604e-02
1.811843109182705025e-02
1.828097386080671308e-02
1.844433252937008674e-02
1.860848560986975292e-02
1.877341226351104606e-02
1.893909228086269533e-02
1.910550606277120270e-02
1.927263460169389292e-02
1.944045946346172754e-02
1.960896276948011566e-02
1.977812717937376535e-02
1.994793587407923952e-02
2.011837253938646500e-02
2.028942134992934784e-02
2.046106695362360020e-02
2.063329445654843095e-02
2.080608940826855768e-02
2.097943778759019107e-02
2.115332598874555131e-02
2.132774080799880109e-02
2.150266943066565448e-02
2.167809941853892849e-02
2.185401869771097169e-02
2.203041554678468808e-02
2.220727858546360858e-02
2.238459676351209349e-02
2.256235935007575022e-02
2.274055592335274753e-02
2.291917636060651978e-02
2.309821082851012952e-02
2.327764977381282380e-02
2.345748391431920141e-02
2.363770423017149194e-02
2.381830195542614451e-02
2.399926856991515742e-02
2.418059579138287854e-02
2.436227556789062956e-02
2.454430007047874243e-02
2.472666168607951659e-02
2.490935301067117441e-02
2.509236684266557757e-02
2.527569617652176623e-02
2.545933419657786870e-02
2.564327427109317631e-02
2.582750994649412810e-02
2.601203494181605555e-02
2.619684314333562900e-02
2.619684502409895185e-02
2.619684502409895185e-02
2.617130122466237649e-02
2.614575874771955452e-02
2.612021759715004235e-02
2.609467777684890480e-02
2.606913929072555633e-02
2.604360214270527024e-02
2.601806633672796784e-02
2.599253187674887070e-02
2.596699876673904187e-02
2.594146701068428609e-02
2.591593661258681514e-02
2.589040757646293711e-02
2.586487990634641493e-02
2.583935360628548256e-02
2.581382868034453465e-02
2.578830513260362695e-02
2.576278296715917362e-02
2.573726218812357261e-02
2.571174279962481005e-02
2.568622480580790360e-02
2.566070821083296649e-02
2.563519301887741408e-02
2.560967923413480507e-02
2.558416686081535149e-02
2.555865590314546076e-02
2.553314636536804447e-02
2.550763825174380203e-02
2.548213156654919112e-02
2.545662631407776683e-02
2.543112249864055638e-02
2.540562012456497321e-02
2.538011919619613185e-02
2.535461971789617838e-02
2.532912169404472752e-02
2.530362512903829020e-02
2.527813002729142888e-02
2.525263639323624063e-02
2.522714423132212808e-02
2.520165354601626093e-02
2.517616434180395407e-02
2.515067662318830680e-02
2.512519039469060522e-02
2.509970566084969087e-02
2.507422242622310560e-02
2.504874069538652603e-02
2.502326047293412792e-02
2.499778176347804831e-02
2.497230457164952011e-02
2.494682890209822326e-02
2.492135475949252416e-02
2.489588214851987114e-02
2.487041107388606245e-02
2.484494154031646057e-02
2.481947355255531909e-02
2.479400711536612276e-02
2.476854223353185461e-02
2.474307891185435065e-02
2.471761715515527827e-02
2.469215696827640333e-02
2.466669835607850775e-02
2.464124132344201745e-02
2.461578587526789402e-02
2.459033201647657305e-02
2.456487975200878984e-02
2.453942908682539559e-02
2.451398002590741976e-02
2.448853257425676055e-02
2.446308673689534183e-02
2.443764251886563696e-02
2.441219992523136970e-02
2.438675896107650107e-02
2.436131963150615573e-02
2.433588194164643809e-02
2.431044589664437330e-02
2.428501150166875733e-02
2.425957876190908136e-02
2.423414768257689880e-02
2.420871826890468731e-02
2.418329052614740307e-02
2.415786445958063508e-02
2.413244007450283946e-02
2.410701737623431942e-02
2.408159637011697204e-02
2.405617706151559274e-02
2.403075945581684830e-02
2.400534355842980777e-02
2.397992937478665709e-02
2.395451691034154035e-02
2.392910617057210365e-02
2.390369716097827391e-02
2.387828988708363617e-02
2.385288435443427488e-02
2.382748056860023445e-02
2.380207853517425295e-02
2.377667825977325747e-02
2.375127974803718789e-02
2.372588300563019392e-02
2.370048803824033323e-02
2.367509485157914817e-02
2.364970345138298069e-02
2.364970345138298069e-02
2.344663725893292652e-02
2.324368878355834861e-02
2.304086113588582271e-02
2.283815753515906419e-02
2.263558131393203152e-02
2.243313592300084230e-02
2.223082493659083933e-02
2.202865205781293773e-02
2.182662112440529600e-02
2.162473611477840063e-02
2.142300115438044994e-02
2.122142052240346202e-02
2.101999865885120777e-02
2.081874017199013965e-02
2.061764984620905600e-02
2.041673265031034717e-02
2.021599374626254289e-02
2.001543849844220069e-02
1.981507248339592006e-02
1.961490150015687481e-02
1.941493158115166137e-02
1.921516900373399644e-02
1.901562030238911419e-02
1.881629228165106887e-02
1.861719202978067214e-02
1.841832693325454878e-02
1.821970469212080834e-02
1.802133333627792613e-02
1.782322124274153541e-02
1.762537715396460258e-02
1.742781019728525602e-02
1.723052990557809652e-02
1.703354623919374478e-02
1.683686960927718509e-02
1.664051090255853904e-02
1.644448150772319373e-02
1.624879334347163404e-02
1.605345888838790799e-02
1.585849121274756149e-02
1.566390401240176644e-02
1.546971164488837591e-02
1.527592916792862299e-02
1.508257238048157749e-02
1.488965786654194469e-02
1.469720304187833483e-02
1.450522620392519398e-02
1.431374658505574389e-02
1.412278440948052348e-02
1.393236095403269266e-02
1.374249861311831362e-02
1.355322096813072787e-02
1.336455286164538528e-02
1.317652047673307202e-02
1.298915142174936373e-02
1.280247482097964136e-02
1.261652141153880337e-02
1.243132364694655642e-02
1.224691580781723209e-02
1.206333412012246774e-02
1.188061688149962165e-02
1.169880459609239261e-02
1.151794011841732711e-02
1.133806880675268351e-02
1.115923868654060576e-02
1.098150062427838934e-02
1.080490851234682144e-02
1.062951946518087346e-02
1.045539402712538334e-02
1.028259639223259164e-02
1.011119463614346820e-02
9.941260960044967510e-03
9.772871946504148311e-03
9.606108826738176537e-03
9.441057758578886433e-03
9.277810114020644539e-03
9.116462774790489235e-03
8.957118433836504939e-03
8.799885899983157789e-03
8.644880402237329134e-03
8.492223889333553113e-03
8.342045319072767529e-03
8.194480930826314111e-03
8.049674493245321041e-03
7.907777517738365583e-03
7.768949426673347515e-03
7.633357663550416339e-03
7.501177730628396691e-03
7.372593137735378860e-03
7.247795244348866246e-03
7.126982975617748503e-03
7.010362391973768564e-03
6.898146091535826627e-03
6.790552424866307980e-03
6.687804503038360417e-03
6.590128982666321363e-03
6.497754615774045152e-03
6.410910558318766786e-03
6.329824438957926819e-03
6.254720199226414083e-03
6.185815727493715332e-03
6.123320321502230892e-03
6.067432027328495577e-03
6.018334915414472706e-03
5.976196365854964838e-03
5.941164444259653017e-03
5.913365455096448661e-03
5.892901760477325945e-03
5.879849948175666814e-03
5.874259423008304330e-03
5.876151480846810750e-03
5.885518905264884928e-03
5.902326104504767960e-03
5.926509782740797469e-03
5.957980116385263279e-03
5.996622385216347599e-03
6.042298990932946576e-03
6.094851783439584128e-03
6.154104608282173414e-03
6.219865987188066304e-03
6.291931847119289385e-03
6.370088220764667276e-03
6.454113851891012631e-03
6.543782651290771038e-03
6.638865962106207941e-03
6.739134606135023173e-03
6.844360694594987284e-03
6.954319197243014929e-03
7.068789272420320478e-03
7.187555367434913210e-03
7.310408103746048221e-03
7.437144964837332992e-03
7.567570806673068647e-03
7.701498211473644349e-03
7.838747705467297502e-03
7.979147860512529958e-03
8.122535298242195001e-03
8.268754613832434222e-03
8.417658234786896260e-03
8.569106228358472702e-03
8.722966069487154278e-03
8.879112379470824323e-03
9.037426644041760340e-03
9.197796918116625531e-03
9.360117523231809705e-03
9.524288742568795194e-03
9.690216517511359914e-03
9.857812148848904207e-03
1.002699200503582092e-02
1.019767723932403329e-02
1.036979351709176218e-02
1.054327075428328729e-02
1.071804286754107424e-02
1.089404753634233558e-02
1.107122597723670700e-02
1.124952273011221165e-02
1.142888545628562361e-02
1.160926474811386708e-02
1.179061394974905731e-02
1.197288898860883119e-02
1.215604821709754917e-02
1.234005226409378569e-02
1.252486389570953498e-02
1.271044788482475485e-02
1.289677088890702449e-02
1.308380133563592958e-02
1.327150931586662010e-02
1.345986648348322656e-02
1.364884596171310645e-02
1.383842225549085370e-02
1.402857116948384719e-02
1.421926973141020116e-02
1.441049612030197678e-02
1.460222959938637169e-02
1.479445045327703635e-02
1.498713992918784994e-02
1.518028018189913203e-02
1.537385422222351666e-02
1.556784586873584397e-02
1.576223970254756954e-02
1.595702102491984228e-02
1.615217581752436196e-02
1.634769070517354955e-02
1.654355292085512782e-02
1.673975027291517773e-02
1.693627111424797146e-02
1.713310431335708303e-02
1.733023922716455875e-02
1.752766567545288243e-02
1.772537391683067995e-02
1.792335462612363109e-02
1.812159887309696543e-02
1.832009810242263975e-02
1.851884411481082016e-02
1.871782904923150956e-02
1.891704536615490539e-02
1.911648583174701058e-02
1.931614350295935215e-02
1.951601171345658178e-02
1.971608406032859806e-02
1.991635439154041537e-02
1.991635439154041537e-02
