1.837236905519088435e-03
1.840428821089750517e-03
1.845736413916831313e-03
1.853141505520726181e-03
1.862619079407538090e-03
1.874137694014676135e-03
1.887659986052735422e-03
1.903143246165900533e-03
1.920540047375594861e-03
1.939798906429304184e-03
1.960864958853490193e-03
1.983680630040778048e-03
2.008186286877479583e-03
2.034320857011213783e-03
2.062022405650148181e-03
2.091228662580902568e-03
2.121877494734533600e-03
2.153907322004870728e-03
2.187257476058955021e-03
2.221868503541486826e-03
2.257682416361496500e-03
2.294642892680773434e-03
2.332695432836698422e-03
2.371787474772622892e-03
2.411868473665947348e-03
2.452889950385752499e-03
2.494805513222911331e-03
2.537570857055178406e-03
2.581143743771038401e-03
2.625483967405874662e-03
2.670553307063260658e-03
2.716315470318579183e-03
2.762736029442891712e-03
2.809782352449385900e-03
2.857423530657372205e-03
2.905630304191705003e-03
2.954374986589246559e-03
3.003631389467680858e-03
3.053374748024092946e-03
3.103581647969187642e-03
3.154229954365310017e-03
3.205298742720236963e-03
3.256768232591442363e-03
3.308619723874886304e-03
3.360835535886185638e-03
3.413398949288105368e-03
3.466294150875137443e-03
3.519506181191552584e-03
3.573020884932553987e-03
3.626824864057703705e-03
3.680905433530512645e-03
3.735250579587134218e-03
3.789848920429665820e-03
3.844689669234966148e-03
3.899762599367626471e-03
3.955058011685204898e-03
4.010566703824836217e-03
4.066279941362347349e-03
4.122189430737924556e-03
4.178287293845821086e-03
4.234566044189616747e-03
4.291018564508700811e-03
4.347638085786029345e-03
4.404418167551805117e-03
4.461352679402054607e-03
4.518435783655632906e-03
4.575661919077478150e-03
4.633025785600181079e-03
4.690522329979984230e-03
4.748146732327242214e-03
4.805894393455103358e-03
4.863760922993733485e-03
4.921742128220741100e-03
4.979834003561669879e-03
5.038032720717444506e-03
5.096334619378369880e-03
5.154736198487139091e-03
5.213234108015591881e-03
5.271825141222426930e-03
5.330506227361234486e-03
5.389274424810196890e-03
5.448126914596792582e-03
5.507060994292592958e-03
5.566074072254892889e-03
5.625163662193467459e-03
5.684327378042161247e-03
5.743562929116549989e-03
5.802868115539796569e-03
5.862240823920427009e-03
5.921679023266489435e-03
5.981180761121820087e-03
6.040744159910889886e-03
6.100367413479741534e-03
6.160048783821265271e-03
6.219786597973798667e-03
6.279579245082856330e-03
6.339425173616349690e-03
6.399322888724263275e-03
6.459270949734498106e-03
6.519267967776912025e-03
6.582419647864543207e-03
6.647507548259023666e-03
6.714475371712595730e-03
6.783267439819552248e-03
6.853828822818968519e-03
6.926105444945147675e-03
7.000044176010636159e-03
7.075592909948172707e-03
7.152700631099003468e-03
7.231317469074784350e-03
7.311394743041510838e-03
7.392884996279242005e-03
7.475742021863328486e-03
7.559920880293823434e-03
7.645377909871995531e-03
7.732070730588386405e-03
7.819958242247295258e-03
7.909000617509650416e-03
7.999159290491188873e-03
8.090396941506748998e-03
8.182677478505361382e-03
8.275966015695255043e-03
8.370228849813698968e-03
8.465433434453970701e-03
8.561548352821211905e-03
8.658543289250612493e-03
8.756388999785520363e-03
8.855057282079531120e-03
8.954520944855813916e-03
9.054753777128341299e-03
9.155730517363720386e-03
9.257426822738463318e-03
9.359819238625100707e-03
9.462885168421012252e-03
9.566602843816347096e-03
9.670951295581759269e-03
9.775910324942670496e-03
9.881460475594378012e-03
9.987583006401188138e-03
1.009425986481329515e-02
1.020147366102634040e-02
1.030920764290130069e-02
1.041744567165587589e-02
1.052617219833286433e-02
1.063537224104622175e-02
1.074503136300141749e-02
1.085513565128315427e-02
1.096567169640053942e-02
1.107662657257741344e-02
1.118798781877345175e-02
1.129974342041999494e-02
1.141188179185334203e-02
1.152439175942701621e-02
1.163726254528408069e-02
1.175048375176957968e-02
1.186404534646326794e-02
1.197793764781231174e-02
1.209215131134361472e-02
1.220667731643569447e-02
1.232150695362986548e-02
1.243663181246108806e-02
1.255204376978889119e-02
1.266773497860924219e-02
1.278369785732870641e-02
1.289992507948274636e-02
1.301640956388020430e-02
1.313314446515697134e-02
1.325012316472195736e-02
1.336733926207925999e-02
1.348478656651104501e-02
1.360245908910571490e-02
1.372035103511712838e-02
1.383845679664071245e-02
1.395677094559302778e-02
1.407528822698188471e-02
1.419400355245435501e-02
1.431291199411098038e-02
1.443200877857450139e-02
1.455128928130232195e-02
1.467074902113191595e-02
1.479038365504929849e-02
1.491018897317073627e-02
1.503016089392862457e-02
1.515029545945253617e-02
1.527058883113684498e-02
1.539103728538727782e-02
1.551163720953814378e-02
1.563238509793312206e-02
1.575327754816255310e-02
1.587431125745019517e-02
1.599548301918340271e-02
1.611678971958017612e-02
1.623822833448751099e-02
1.635979592630508114e-02
1.648148964102910674e-02
1.660330670541134562e-02
1.672524442422808691e-02
1.684730017765442844e-02
1.696947141873971290e-02
1.709175567097947004e-02
1.709175598959781009e-02
1.709175598959781009e-02
1.707520554324975723e-02
1.705865562446069045e-02
1.704210623476769965e-02
1.702555737571368605e-02
1.700900904884737608e-02
1.699246125572359545e-02
1.697591399790326222e-02
1.695936727695331742e-02
1.694282109444666257e-02
1.692627545196234706e-02
1.690973035108549877e-02
1.689318579340758075e-02
1.687664178052606517e-02
1.686009831404476286e-02
1.684355539557348333e-02
1.682701302672868701e-02
1.681047120913288506e-02
1.679392994441501405e-02
1.677738923421029024e-02
1.676084908016052880e-02
1.674430948391386273e-02
1.672777044712479844e-02
1.671123197145430242e-02
1.669469405857010313e-02
1.667815671014641343e-02
1.666161992786393403e-02
1.664508371341003046e-02
1.662854806847867406e-02
1.661201299477069876e-02
1.659547849399347491e-02
1.657894456786117646e-02
1.656241121809473235e-02
1.654587844642210065e-02
1.652934625457780707e-02
1.651281464430325030e-02
1.649628361734705936e-02
1.647975317546457319e-02
1.646322332041823960e-02
1.644669405397735512e-02
1.643016537791838066e-02
1.641363729402499708e-02
1.639710980408783450e-02
1.638058290990472565e-02
1.636405661328068153e-02
1.634753091602808919e-02
1.633100581996643763e-02
1.631448132692259190e-02
1.629795743873074798e-02
1.628143415723241894e-02
1.626491148427677488e-02
1.624838942172008791e-02
1.623186797142641552e-02
1.621534713526703864e-02
1.619882691512109993e-02
1.618230731287523261e-02
1.616578833042382757e-02
1.614926996966865522e-02
1.613275223251933038e-02
1.611623512089351007e-02
1.609971863671635570e-02
1.608320278192080718e-02
1.606668755844773908e-02
1.605017296824628320e-02
1.603365901327301335e-02
1.601714569549277795e-02
1.600063301687840861e-02
1.598412097941079649e-02
1.596760958507903796e-02
1.595109883588019181e-02
1.593458873381969204e-02
1.591807928091104954e-02
1.590157047917638636e-02
1.588506233064588408e-02
1.586855483735795727e-02
1.585204800135979128e-02
1.583554182470672811e-02
1.581903630946283890e-02
1.580253145770062206e-02
1.578602727150092699e-02
1.576952375295381098e-02
1.575302090415741513e-02
1.573651872721896008e-02
1.572001722425413542e-02
1.570351639738766514e-02
1.568701624875329728e-02
1.567051678049315513e-02
1.565401799475878153e-02
1.563751989371040332e-02
1.562102247951752641e-02
1.560452575435857143e-02
1.558802972042113051e-02
1.557153437990193776e-02
1.555503973500710867e-02
1.553854578795186257e-02
1.552205254096086610e-02
1.550555999626791401e-02
1.548906815611656579e-02
1.547257702275968774e-02
1.545608659845954837e-02
1.543959688548815143e-02
1.543959688548815143e-02
1.530770506538203964e-02
1.517586011043624630e-02
1.504406325281819855e-02
1.491231576779807749e-02
1.478061897562806155e-02
1.464897424352081326e-02
1.451738298772993659e-02
1.438584667574289641e-02
1.425436682858956597e-02
1.412294502327551132e-02
1.399158289534777576e-02
1.386028214160058177e-02
1.372904452293069802e-02
1.359787186735167235e-02
1.346676607317700246e-02
1.333572911238409264e-02
1.320476303416919829e-02
1.307386996870821966e-02
1.294305213113510107e-02
1.281231182575290166e-02
1.268165145049466279e-02
1.255107350164904462e-02
1.242058057887062382e-02
1.229017539049372457e-02
1.215986075917128983e-02
1.202963962786199846e-02
1.189951506618984120e-02
1.176949027720355749e-02
1.163956860456419155e-02
1.150975354019285503e-02
1.138004873241170792e-02
1.125045799461545266e-02
1.112098531451263458e-02
1.099163486398007164e-02
1.086241100957682261e-02
1.073331832376863207e-02
1.060436159691741966e-02
1.047554585009605015e-02
1.034687634879292474e-02
1.021835861757714944e-02
1.008999845580135779e-02
9.961801954425334935e-03
9.833775514051994876e-03
9.705925864275022005e-03
9.578260084446156564e-03
9.450785625980728799e-03
9.323510336329962275e-03
9.196442484760992617e-03
9.069590790098502886e-03
8.942964450595801418e-03
8.816573176118874117e-03
8.690427222844394547e-03
8.564537430691096173e-03
8.438915263724398180e-03
8.313572853796986212e-03
8.188523047712422190e-03
8.063779458225677974e-03
7.939356519224043812e-03
7.815269545463288808e-03
7.691534797269292123e-03
7.568169550652296788e-03
7.445192173321952926e-03
7.322622207134968884e-03
7.200480457553906644e-03
7.078789090745891965e-03
6.957571739002626522e-03
6.836853615218823309e-03
6.716661637223606852e-03
6.597024562818421152e-03
6.477973136434395617e-03
6.359540248379562041e-03
6.241761107701195369e-03
6.124673429736536036e-03
6.008317639463475225e-03
5.892737091786206562e-03
5.777978309893152392e-03
5.664091242797588029e-03
5.551129543105138252e-03
5.439150865934021771e-03
5.328217189727229262e-03
5.218395159421755983e-03
5.109756452053843163e-03
5.002378164352744988e-03
4.896343221174163235e-03
4.791740802708446649e-03
4.688666787222310096e-03
4.587224204605650120e-03
4.487523694143141610e-03
4.389683957659143952e-03
4.293832196444310502e-03
4.200104517124696873e-03
4.108646287863992712e-03
4.019612422018276759e-03
3.933167561669155196e-03
3.849486128504311412e-03
3.768752204561281755e-03
3.691159200804229427e-03
3.616909267929690770e-03
3.546212401936387360e-03
3.479285197754989397e-03
3.416349208650117531e-03
3.357628878245685899e-03
3.303349026832049732e-03
3.253731894697672444e-03
3.208993772591547857e-03
3.169341282182710356e-03
3.134967405543722958e-03
3.106047399051294847e-03
3.082734759421067866e-03
3.065157433018767755e-03
3.053414469392472762e-03
3.047573312499341543e-03
3.047667896716912093e-03
3.053697670490211277e-03
3.065627612299571744e-03
3.083389237882170307e-03
3.106882532014910905e-03
3.135978680356255044e-03
3.170523433128403113e-03
3.210340906639270932e-03
3.255237621760410319e-03
3.305006588777859890e-03
3.359431271817231879e-03
3.418289298570237247e-03
3.481355817470233212e-03
3.548406440559713319e-03
3.619219742905264992e-03
3.693579316587452654e-03
3.771275398173380700e-03
3.852106103194813478e-03
3.935878310127416228e-03
4.022408240650114306e-03
4.111521783625404942e-03
4.203054608312897789e-03
4.296852108713090056e-03
4.392769216371575532e-03
4.490670114015184004e-03
4.590427877439567407e-03
4.691924068385732068e-03
4.795048296886910560e-03
4.899697767813500880e-03
5.005776823112763688e-03
5.113196488515478477e-03
5.221874031224698655e-03
5.331732533262386123e-03
5.442700483673153580e-03
5.554711391617138394e-03
5.667703421475421902e-03
5.781619050396263546e-03
5.896404748188810441e-03
6.012010679088978550e-03
6.128390424651001048e-03
6.245500726834159015e-03
6.363301250237619715e-03
6.481754362371597300e-03
6.600824930827088079e-03
6.720480136209871537e-03
6.840689299727937406e-03
6.961423724360622269e-03
7.082656548585939370e-03
7.204362611697251624e-03
7.326518329798484275e-03
7.449101581625992667e-03
7.572091603404584523e-03
7.695468892002332688e-03
7.819215115704292521e-03
7.943313031978477615e-03
8.067746411656593133e-03
8.192499968999332818e-03
8.317559297159719117e-03
8.442910808597939992e-03
8.568541680039230488e-03
8.694439801600617468e-03
8.820593729744164238e-03
8.946992643743758786e-03
9.073626305378985554e-03
9.200485021594463630e-03
9.327559609885120728e-03
9.454841366188767096e-03
9.582322035085537662e-03
9.709993782121381645e-03
9.837849168087640234e-03
9.965881125104188512e-03
1.009408293436459339e-02
1.022244820541592762e-02
1.035097085685442002e-02
1.047964509832970820e-02
1.060846541375799236e-02
1.073742654565382551e-02
1.086652348049644938e-02
1.099575143505471080e-02
1.112510584359951114e-02
1.125458234593958336e-02
1.138417677622039111e-02
1.151388515243200600e-02
1.164370366657493071e-02
1.177362867543751447e-02
1.190365669194201441e-02
1.203378437701974231e-02
1.216400853197874971e-02
1.216400853197874971e-02
