3.180479251982033274e-03
3.182471047530594996e-03
3.185787939454584692e-03
3.190425794890021632e-03
3.196378863799860352e-03
3.203639814322901524e-03
3.212199777349593766e-03
3.222048399701067743e-03
3.233173905181898830e-03
3.245563162688973758e-03
3.259201760489776820e-03
3.274074085734346353e-03
3.290163408236169724e-03
3.307451967547953529e-03
3.325921062367375933e-03
3.345551141334198678e-03
3.366321894321414477e-03
3.388212343377314251e-03
3.411200932540122029e-03
3.435265615819586144e-03
3.460383942718433734e-03
3.486533140748320977e-03
3.513690194477972224e-03
3.541831920733460454e-03
3.570935039650514550e-03
3.600976241354931790e-03
3.631932248118498446e-03
3.663779871903471118e-03
3.696496067268090907e-03
3.730057979658417486e-03
3.764442989157881260e-03
3.799628749805425854e-03
3.835593224626080745e-03
3.872314716544686397e-03
3.909771895374607176e-03
3.947943821089057621e-03
3.986809963593814995e-03
4.026350219226847334e-03
4.066544924213522615e-03
4.107374865305938455e-03
4.148821287832089345e-03
4.190865901375511772e-03
4.233490883299120822e-03
4.276678880318591364e-03
4.320413008321186132e-03
4.364676850615665203e-03
4.409454454788162142e-03
4.454730328327808145e-03
4.500489433174742482e-03
4.546717179332027126e-03
4.593399417672054674e-03
4.640522432057459477e-03
4.688072930886262764e-03
4.736038038161230826e-03
4.784405284174112448e-03
4.833162595886651008e-03
4.882298287082010267e-03
4.931801048352577564e-03
4.981659936982931608e-03
5.031864366780119772e-03
5.082404097897345180e-03
5.133269226691455737e-03
5.184450175649562773e-03
5.235937683415415808e-03
5.287722794941875255e-03
5.339796851792002336e-03
5.392151482607769261e-03
5.444778593762291882e-03
5.497670360208632527e-03
5.550819216535744435e-03
5.604217848239840226e-03
5.657859183217536087e-03
5.711736383485281968e-03
5.765842837128114413e-03
5.820172150479328843e-03
5.874718140531533586e-03
5.929474827578487192e-03
5.984436428086195060e-03
6.039597347791057086e-03
6.094952175022045303e-03
6.150495674243553097e-03
6.206222779814862811e-03
6.262128589961940897e-03
6.318208360956925444e-03
6.374457501500407214e-03
6.430871567301366803e-03
6.487446255849604534e-03
6.544177401375247255e-03
6.601060969990010796e-03
6.658093055004709465e-03
6.715269872417631465e-03
6.772587756568345350e-03
6.830043155951543397e-03
6.887632629185672616e-03
6.945352841131054687e-03
7.003200559152422504e-03
7.061172649520755865e-03
7.119266073949524418e-03
7.177477886260525720e-03
7.235805229174602574e-03
7.297364950008112736e-03
7.361068620106662325e-03
7.426861084079514064e-03
7.494687332403817889e-03
7.564492658120394904e-03
7.636222787150999565e-03
7.709823996125637034e-03
7.785243218002176925e-03
7.862428135865327100e-03
7.941327265377513128e-03
8.021890026421051381e-03
8.104066804521197973e-03
8.187809002674345873e-03
8.273069084226926731e-03
8.359800607460164332e-03
8.447958252535045162e-03
8.537497841442909935e-03
8.628376351590911000e-03
8.720551923630063054e-03
8.813983864107444513e-03
8.908632643495206435e-03
9.004459890117461757e-03
9.101428380463343071e-03
9.199502026341246919e-03
9.298645859295504024e-03
9.398826012673812402e-03
9.500009701701261564e-03
9.602165201885764362e-03
9.705261826049691939e-03
9.809269900254177429e-03
9.914160738855887917e-03
1.001990661891088118e-02
1.012648075411691669e-02
1.023385726846384389e-02
1.034201116974178651e-02
1.045091832303846925e-02
1.056055542434024969e-02
1.067089997433613192e-02
1.078193025251022487e-02
1.089362529159541501e-02
1.100596485244992317e-02
1.111892939940812772e-02
1.123250007614802655e-02
1.134665868210955018e-02
1.146138764949089506e-02
1.157667002084349084e-02
1.169248942728084648e-02
1.180883006731131384e-02
1.192567668630089943e-02
1.204301455656803417e-02
1.216082945810941993e-02
1.227910765995306533e-02
1.239783590213218781e-02
1.251700137827193270e-02
1.263659171877879253e-02
1.275659497462154450e-02
1.287699960169116052e-02
1.299779444572624759e-02
1.311896872779007989e-02
1.324051203028417216e-02
1.336241428348369439e-02
1.348466575257918111e-02
1.360725702520895926e-02
1.373017899946680359e-02
1.385342287236923306e-02
1.397698012876710805e-02
1.410084253068596104e-02
1.422500210708023578e-02
1.434945114398651807e-02
1.447418217506116038e-02
1.459918797248820239e-02
1.472446153824357069e-02
1.484999609570211189e-02
1.497578508157435505e-02
1.510182213816020462e-02
1.522810110590713806e-02
1.535461601626098883e-02
1.548136108479775813e-02
1.560833070462517777e-02
1.573551944004343214e-02
1.586292202045409480e-02
1.599053333450807871e-02
1.611834842448207558e-02
1.624636248087484719e-02
1.637457083721386916e-02
1.650296896506432340e-02
1.663155246923152947e-02
1.676031708314939736e-02
1.688925866444713000e-02
1.701837319068654625e-02
1.714765675526362665e-02
1.727710556346698234e-02
1.740671592868708872e-02
1.753648426877005631e-02
1.766640710250995741e-02
1.779648104627405691e-02
1.792670281075557995e-02
1.805706919784873590e-02
1.818757709764075997e-02
1.831822348551682966e-02
1.831822393428039764e-02
1.831822393428039764e-02
1.830045803072920946e-02
1.828269277371581333e-02
1.826492816512684594e-02
1.824716420685630613e-02
1.822940090080507961e-02
1.821163824888174035e-02
1.819387625300199901e-02
1.817611491508938637e-02
1.815835423707466006e-02
1.814059422089595724e-02
1.812283486849895417e-02
1.810507618183714376e-02
1.808731816287144703e-02
1.806956081357014715e-02
1.805180413590965274e-02
1.803404813187389072e-02
1.801629280345453527e-02
1.799853815265122295e-02
1.798078418147097332e-02
1.796303089192893138e-02
1.794527828604830511e-02
1.792752636585990059e-02
1.790977513340265975e-02
1.789202459072379223e-02
1.787427473987805368e-02
1.785652558292871728e-02
1.783877712194693183e-02
1.782102935901217627e-02
1.780328229621181216e-02
1.778553593564178442e-02
1.776779027940641326e-02
1.775004532961808879e-02
1.773230108839774985e-02
1.771455755787458217e-02
1.769681474018630282e-02
1.767907263747912558e-02
1.766133125190780945e-02
1.764359058563559970e-02
1.762585064083453321e-02
1.760811141968523022e-02
1.759037292437709565e-02
1.757263515710812823e-02
1.755489812008519113e-02
1.753716181552399458e-02
1.751942624564912371e-02
1.750169141269393089e-02
1.748395731890122276e-02
1.746622396652225059e-02
1.744849135781764704e-02
1.743075949505723879e-02
1.741302838051957819e-02
1.739529801649275856e-02
1.737756840527376889e-02
1.735983954916963876e-02
1.734211145049590133e-02
1.732438411157787364e-02
1.730665753475031654e-02
1.728893172235728901e-02
1.727120667675245691e-02
1.725348240029906527e-02
1.723575889536979946e-02
1.721803616434742709e-02
1.720031420962410060e-02
1.718259303360190546e-02
1.716487263869257568e-02
1.714715302731778870e-02
1.712943420190913418e-02
1.711171616490825276e-02
1.709399891876638503e-02
1.707628246594548871e-02
1.705856680891722904e-02
1.704085195016361021e-02
1.702313789217668044e-02
1.700542463745884428e-02
1.698771218852283826e-02
1.697000054789176565e-02
1.695228971809907906e-02
1.693457970168888230e-02
1.691687050121572569e-02
1.689916211924482811e-02
1.688145455835190004e-02
1.686374782112335172e-02
1.684604191015650135e-02
1.682833682805956119e-02
1.681063257745112408e-02
1.679292916096118693e-02
1.677522658123064767e-02
1.675752484091118724e-02
1.673982394266590110e-02
1.672212388916872322e-02
1.670442468310502290e-02
1.668672632717151799e-02
1.666902882407576489e-02
1.665133217653718550e-02
1.663363638728648092e-02
1.661594145906592976e-02
1.659824739462913493e-02
1.658055419674163075e-02
1.656286186818032788e-02
1.654517041173417941e-02
1.654517041173417941e-02
1.640367049488808057e-02
1.626222803838724140e-02
1.612084455468357214e-02
1.597952160911420699e-02
1.583826082220326364e-02
1.569706387208261514e-02
1.555593249703965744e-02
1.541486849819959613e-02
1.527387374234938540e-02
1.513295016491456729e-02
1.499209977309578536e-02
1.485132464917680861e-02
1.471062695401344385e-02
1.457000893071665019e-02
1.442947290854005270e-02
1.428902130698721587e-02
1.414865664015107528e-02
1.400838152130226034e-02
1.386819866774150443e-02
1.372811090593479937e-02
1.358812117694933007e-02
1.344823254221113977e-02
1.330844818960602062e-02
1.316877143994769385e-02
1.302920575383829764e-02
1.288975473894814726e-02
1.275042215774577561e-02
1.261121193570811060e-02
1.247212817004669967e-02
1.233317513898642484e-02
1.219435731163666728e-02
1.205567935849885010e-02
1.191714616265644212e-02
1.177876283169900298e-02
1.164053471043425408e-02
1.150246739444841376e-02
1.136456674457886340e-02
1.122683890236875724e-02
1.108929030657990721e-02
1.095192771084559785e-02
1.081475820255278081e-02
1.067778922305041844e-02
1.054102858928933177e-02
1.040448451700767656e-02
1.026816564558655567e-02
1.013208106471072054e-02
9.996240342981414090e-03
9.860653558641163316e-03
9.725331332584522676e-03
9.590284863843820395e-03
9.455525967755977132e-03
9.321067117034263078e-03
9.186921485988713484e-03
9.053102998160290904e-03
8.919626377656805077e-03
8.786507204503796534e-03
8.653761974350674194e-03
8.521408162900770411e-03
8.389464295466102228e-03
8.257950022079522251e-03
8.126886198633510514e-03
7.996294974551057186e-03
7.866199887533701848e-03
7.736625965972133458e-03
7.607599839646350323e-03
7.479149859384697126e-03
7.351306226392362482e-03
7.224101132000448032e-03
7.097568908623526525e-03
6.971746192745584270e-03
6.846672100778584957e-03
6.722388418650854583e-03
6.598939805980692623e-03
6.476374015667711939e-03
6.354742129684682293e-03
6.234098811767180802e-03
6.114502577567420064e-03
5.996016082649737594e-03
5.878706428443598343e-03
5.762645485917723860e-03
5.647910236275521627e-03
5.534583127372628975e-03
5.422752443794920385e-03
5.312512687578622647e-03
5.203964965369962080e-03
5.097217376375680863e-03
4.992385393713954025e-03
4.889592229708398900e-03
4.788969173255884157e-03
4.690655884636986232e-03
4.594800630046760002e-03
4.501560434759338709e-03
4.411101130309452202e-03
4.323597267549098531e-03
4.239231864172187357e-03
4.158195952643602838e-03
4.080687892875972320e-03
4.006912414024233794e-03
3.937079352054331446e-03
3.871402054966346928e-03
3.810095436355475512e-03
3.753373670871320688e-03
3.701447542294413872e-03
3.654521476149608442e-03
3.612790313183722717e-03
3.576435906114302718e-03
3.545623647564302879e-03
3.520499059210897320e-03
3.501184587786896913e-03
3.487776759731370420e-03
3.480343840743623050e-03
3.478924128232168799e-03
3.483524974261545133e-03
3.494122596407560604e-03
3.510662687764517977e-03
3.533061789993509078e-03
3.561209349740104575e-03
3.594970343348413352e-03
3.634188330638211256e-03
3.678688787007315057e-03
3.728282563979535245e-03
3.782769339810233399e-03
3.841940941198464937e-03
3.905584441440180989e-03
3.973484966486766704e-03
4.045428165804843164e-03
4.121202327791246428e-03
4.200600138624350360e-03
4.283420098326093384e-03
4.369467618485224983e-03
4.458555832929768890e-03
4.550506156223420653e-03
4.645148625869413572e-03
4.742322063200667126e-03
4.841874085716935637e-03
4.943661000601544224e-03
5.047547605710536733e-03
5.153406920773261589e-03
5.261119868083923186e-03
5.370574918734035384e-03
5.481667717514153958e-03
5.594300697035570723e-03
5.708382689394830845e-03
5.823828541812205856e-03
5.940558741093677174e-03
6.058499050462628176e-03
6.177580161247821743e-03
6.297737361064119008e-03
6.418910219449799372e-03
6.541042291400157860e-03
6.664080838835005974e-03
6.787976569735951378e-03
6.912683394468084261e-03
7.038158198643965947e-03
7.164360631782705838e-03
7.291252910950943820e-03
7.418799638538388190e-03
7.546967633309296410e-03
7.675725773877870202e-03
7.805044853775149234e-03
7.934897447303579376e-03
8.065257785410331545e-03
8.196101640849332709e-03
8.327406221943193729e-03
8.459150074298097538e-03
8.591312989866616012e-03
8.723875922794768409e-03
8.856820911529122639e-03
8.990131006698140470e-03
9.123790204317793265e-03
9.257783383906171074e-03
9.392096251123461387e-03
9.526715284583622129e-03
9.661627686512522933e-03
9.796821336952385093e-03
9.932284751237228232e-03
1.006800704048561347e-02
1.020397787487752582e-02
1.034018744950140206e-02
1.047662645257415974e-02
1.061328603585342395e-02
1.075015778707550003e-02
1.088723370426634453e-02
1.102450617178475818e-02
1.116196793796869757e-02
1.129961209426573639e-02
1.143743205573809554e-02
1.157542154284191271e-02
1.171357456438749250e-02
1.185188540159567462e-02
1.199034859317116633e-02
1.212895892132053247e-02
1.226771139864787051e-02
1.240660125586628797e-02
1.254562393026844962e-02
1.268477505490341051e-02
1.282405044841096117e-02
1.296344610546877954e-02
1.310295818781051676e-02
1.324258301577691151e-02
1.324258301577691151e-02
