0.000000000000000000e+00	-5.000000000000000104e-03	-4.000000000000000083e-03	-3.000000000000000062e-03	-2.000000000000000042e-03	-1.000000000000000021e-03	0.000000000000000000e+00	1.000000000000000021e-03	2.000000000000000042e-03	3.000000000000000062e-03	4.000000000000000083e-03	5.000000000000000104e-03
-1.250000000000000000e-01	1.239295295711996623e-09	1.846038145856525129e-09	6.859372968692437822e-10	-7.797283754310098551e-10	-5.872073290774752193e-10	2.860863529444847856e-09	6.504823616198507734e-09	6.676540454864771525e-09	2.777569234425992033e-09	-8.385507449232457033e-11	-2.178853326446593104e-10
-1.239999999999999991e-01	1.375350063168193222e-09	1.982092913312721522e-09	8.219920643254404850e-10	-6.436736079748132557e-10	-4.511525616212785165e-10	2.996918296901044249e-09	6.640878383654704127e-09	6.812595222320968745e-09	2.913624001882189253e-09	5.219969296387211309e-11	-8.183056518846262053e-11
-1.229999999999999982e-01	1.483585685051176994e-09	2.090328535195705501e-09	9.302276862084243607e-10	-5.354379860918292767e-10	-3.429169397382946408e-10	3.105153918784028228e-09	6.749114005537688519e-09	6.920830844203952310e-09	3.021859623765173232e-09	1.604353148468560211e-10	2.640505669452128421e-11
-1.219999999999999973e-01	1.568992820640215798e-09	2.175735670784744304e-09	1.015634821797462957e-09	-4.500308505027905767e-10	-2.575098041492559409e-10	3.190561054373067031e-09	6.834521141126726909e-09	7.006237979792990700e-09	3.107266759354212035e-09	2.458424504358947210e-10	1.118121922835599809e-10
-1.209999999999999964e-01	1.616133440915766592e-09	2.222876291060295305e-09	1.062775442073013958e-09	-4.028902302272396792e-10	-2.103691838737050692e-10	3.237701674648618032e-09	6.881661761402278324e-09	7.053378600068542115e-09	3.154407379629762623e-09	2.929830707114456185e-10	1.589528125591108655e-10
-1.199999999999999956e-01	1.673253464254277048e-09	2.279996314398805761e-09	1.119895465411524414e-09	-3.457702068887292750e-10	-1.532491605351946133e-10	3.294821697987128488e-09	6.938781784740788366e-09	7.110498623407051330e-09	3.211527402968273079e-09	3.501030940499560228e-10	2.160728358976213215e-10
-1.189999999999999947e-01	1.880673748247897703e-09	2.487416598392426417e-09	1.327315749405145277e-09	-1.383499228951085158e-10	5.417112345842613294e-11	3.502241981980749144e-09	7.146202068734409849e-09	7.317918907400672813e-09	3.418947686961894148e-09	5.575233780435768336e-10	4.234931198912420806e-10
-1.179999999999999938e-01	1.906652100483478873e-09	2.513394950628008000e-09	1.353294101640726447e-09	-1.123715706595271520e-10	8.014947569400749675e-11	3.528220334216330314e-09	7.172180420969991433e-09	7.343897259636254396e-09	3.444926039197474904e-09	5.835017302791582104e-10	4.494714721268234573e-10
-1.170000000000000068e-01	1.773529240118745397e-09	2.380272090263273904e-09	1.220171241275992764e-09	-2.454944310242609253e-10	-5.297338467072628299e-11	3.395097473851596631e-09	7.039057560605257336e-09	7.210774399271521127e-09	3.311803178832741635e-09	4.503788699144243725e-10	3.163486117620896194e-10
-1.160000000000000059e-01	1.757090661156309184e-09	2.363833511300838104e-09	1.203732662313556550e-09	-2.619330099866972423e-10	-6.941196363316258061e-11	3.378658894889160417e-09	7.022618981642820295e-09	7.194335820309084914e-09	3.295364599870305008e-09	4.339402909519881071e-10	2.999100327996533024e-10
-1.150000000000000050e-01	1.671276055527059165e-09	2.278018905671587878e-09	1.117918056684306324e-09	-3.477476156159472614e-10	-1.552265692624126256e-10	3.292844289259910605e-09	6.936804376013570483e-09	7.108521214679834274e-09	3.209549994241055196e-09	3.481256853227380363e-10	2.140954271704033091e-10
-1.140000000000000041e-01	1.552165467696352153e-09	2.158908317840880659e-09	9.988074688535995191e-10	-4.668582034466541182e-10	-2.743371570931195341e-10	3.173733701429203386e-09	6.817693788182863264e-09	6.989410626849127055e-09	3.090439406410347977e-09	2.290150974920311278e-10	9.498483933969641355e-11
-1.130000000000000032e-01	1.400909458506544789e-09	2.007652308651073502e-09	8.475514596637921552e-10	-6.181142126364614822e-10	-4.255931662829268464e-10	3.022477692239395816e-09	6.666437778993056521e-09	6.838154617659320312e-09	2.939183397220540820e-09	7.775908830222382847e-11	-5.627116985011090515e-11
-1.120000000000000023e-01	1.286628306603782780e-09	1.893371156748311493e-09	7.332703077610301463e-10	-7.323953645392235944e-10	-5.398743181856889586e-10	2.908196540336633807e-09	6.552156627090294925e-09	6.723873465756558716e-09	2.824902245317778811e-09	-3.652206360053827732e-11	-1.705523217528729980e-10
-1.110000000000000014e-01	1.218265181742019836e-09	1.825008031886548342e-09	6.649071828992669954e-10	-8.007584894009865385e-10	-6.082374430474519027e-10	2.839833415474870863e-09	6.483793502228531154e-09	6.655510340894794945e-09	2.756539120456015867e-09	-1.048851884623012667e-10	-2.389154466146359938e-10
-1.100000000000000006e-01	1.053964562682347370e-09	1.660707412826875876e-09	5.006065638395945292e-10	-9.650591084606590048e-10	-7.725380621071244723e-10	2.675532796415198810e-09	6.319492883168858274e-09	6.491209721835122893e-09	2.592238501396343401e-09	-2.691858075219738104e-10	-4.032160656743085118e-10
-1.089999999999999997e-01	9.091838969264966553e-10	1.515926747071025368e-09	3.558258980837439699e-10	-1.109839774216509719e-09	-9.173187278629749799e-10	2.530752130659348096e-09	6.174712217413007146e-09	6.346429056079271765e-09	2.447457835640492686e-09	-4.139664732778243697e-10	-5.479967314301590710e-10
-1.079999999999999988e-01	1.042180442700104161e-09	1.648923292844632874e-09	4.888224438573515277e-10	-9.768432284429020063e-10	-7.843221820893674739e-10	2.663748676432955188e-09	6.307708763186616307e-09	6.479425601852879271e-09	2.580454381414100192e-09	-2.809699275042168120e-10	-4.150001856565515133e-10
-1.069999999999999979e-01	9.772101481890733637e-10	1.583952998333602284e-09	4.238521493463206784e-10	-1.041813522953933011e-09	-8.492924766003983748e-10	2.598778381921925011e-09	6.242738468675584475e-09	6.414455307341849093e-09	2.515484086903069602e-09	-3.459402220152476612e-10	-4.799704801675824659e-10
-1.059999999999999970e-01	9.470448773121327378e-10	1.553787727456661451e-09	3.936868784693800524e-10	-1.071978793830873637e-09	-8.794577474773388974e-10	2.568613111044983765e-09	6.212573197798644470e-09	6.384290036464908261e-09	2.485318816026129182e-09	-3.761054928921882355e-10	-5.101357510445229885e-10
-1.049999999999999961e-01	8.800096652354456917e-10	1.486752515379974508e-09	3.266516663926930581e-10	-1.139014005907560579e-09	-9.464929595540260468e-10	2.501577898968297029e-09	6.145537985721956907e-09	6.317254824388220698e-09	2.418283603949442033e-09	-4.431407049688752815e-10	-5.771709631212100345e-10
-1.039999999999999952e-01	6.044606448493730761e-10	1.211203494993901893e-09	5.110264600662037140e-11	-1.414563026293633195e-09	-1.222041979940098662e-09	2.226028878582224000e-09	5.869988965335884291e-09	6.041705804002148082e-09	2.142734583563369417e-09	-7.186897253549480005e-10	-8.527199835072827535e-10
-1.029999999999999943e-01	2.832040614286325859e-10	8.899469115731614540e-10	-2.701539374141201512e-10	-1.735819609714373737e-09	-1.543298563360838998e-09	1.904772295161483664e-09	5.548732381915143956e-09	5.720449220581408574e-09	1.821478000142628669e-09	-1.039946308775688542e-09	-1.173976566928022985e-09
-1.019999999999999934e-01	3.842113640874893903e-11	6.451639865532778330e-10	-5.149368624340037205e-10	-1.980602534734257254e-09	-1.788081488380722722e-09	1.659989370141600147e-09	5.303949456895260438e-09	5.475666295561523402e-09	1.576695075122745151e-09	-1.284729233795572060e-09	-1.418759491947906710e-09
-1.010000000000000064e-01	-2.743223702617145180e-10	3.324204798828142985e-10	-8.276803691044672550e-10	-2.293346041404720892e-09	-2.100824995051186153e-09	1.347245863471136716e-09	4.991205950224797214e-09	5.162922788891061005e-09	1.263951568452281720e-09	-1.597472740466035491e-09	-1.731502998618370348e-09
-1.000000000000000056e-01	-3.592993491961582260e-10	2.474435009483705904e-10	-9.126573480389108080e-10	-2.378323020339164652e-09	-2.185801973985629913e-09	1.262268884536693163e-09	4.906228971290352213e-09	5.077945809956616832e-09	1.178974589517837960e-09	-1.682449719400479044e-09	-1.816479977552813901e-09
-9.900000000000000466e-02	-4.986118525403854689e-10	1.081309976041432183e-10	-1.051969851383138206e-09	-2.517635523683391740e-09	-2.325114477329857414e-09	1.122956381192465661e-09	4.766916467946125539e-09	4.938633306612389330e-09	1.039662086173610459e-09	-1.821762222744706546e-09	-1.955792480897041195e-09
-9.800000000000000377e-02	-6.801984159388287570e-10	-7.345556579430000522e-11	-1.233556414781581597e-09	-2.699222087081835545e-09	-2.506701040728300392e-09	9.413698177940222698e-10	4.585329904547682975e-09	4.757046743213946766e-09	8.580755227751672740e-10	-2.003348786143149937e-09	-2.137379044295484587e-09
-9.700000000000000289e-02	-8.724927341851948741e-10	-2.657498840406660577e-10	-1.425850733027947508e-09	-2.891516405328200835e-09	-2.698995358974666509e-09	7.490754995476563595e-10	4.393035586301317271e-09	4.564752424967580235e-09	6.657812045288011569e-10	-2.195643104389516054e-09	-2.329673362541850290e-09
-9.600000000000000200e-02	-1.018875710255270438e-09	-4.121328601107416214e-10	-1.572233709098023071e-09	-3.037899381398277019e-09	-2.845378335044742280e-09	6.026925234775807958e-10	4.246652610231240674e-09	4.418369448897504465e-09	5.193982284587254898e-10	-2.342026080459591411e-09	-2.476056338611926474e-09
-9.500000000000000111e-02	-9.636583442186614572e-10	-3.569154940741324857e-10	-1.517016343061414091e-09	-2.982682015361667625e-09	-2.790160969008132886e-09	6.579098895141898798e-10	4.301869976267850068e-09	4.473586814934113859e-09	5.746155944953347807e-10	-2.286808714422982430e-09	-2.420838972575317080e-09
-9.400000000000000022e-02	-7.720597758367858857e-10	-1.653169256922571726e-10	-1.325417774679538726e-09	-2.791083446979792467e-09	-2.598562400626257728e-09	8.495084578960652445e-10	4.493468544649725226e-09	4.665185383315989017e-09	7.662141628772100420e-10	-2.095210146041106859e-09	-2.229240404193441922e-09
-9.299999999999999933e-02	-5.814458705581453914e-10	2.529697958638344439e-11	-1.134803869400898025e-09	-2.600469541701151766e-09	-2.407948495347617027e-09	1.040122363174706049e-09	4.684082449928365927e-09	4.855799288594629718e-09	9.568280681558506396e-10	-1.904596240762466158e-09	-2.038626498914801221e-09
-9.199999999999999845e-02	-2.582691925140166783e-10	3.484736576305121381e-10	-8.116271913567693637e-10	-2.277292863657023001e-09	-2.084771817303488675e-09	1.363299041218834607e-09	5.007259127972495105e-09	5.178975966638758896e-09	1.280004746199979404e-09	-1.581419562718337807e-09	-1.715449820870672456e-09
-9.099999999999999756e-02	-1.250529439761981787e-10	4.816899061683306894e-10	-6.784109428189508641e-10	-2.144076615119204398e-09	-1.951555568765669659e-09	1.496515289756653210e-09	5.140475376510312468e-09	5.312192215176577086e-09	1.413220994737797801e-09	-1.448203314180519204e-09	-1.582233572332853853e-09
-8.999999999999999667e-02	7.849139974695235684e-11	6.852342498914811733e-10	-4.748665990958003802e-10	-1.940532271396053914e-09	-1.748011225042519175e-09	1.700059633479803694e-09	5.344019720233464192e-09	5.515736558899727983e-09	1.616765338460948491e-09	-1.244658970457368513e-09	-1.378689228609703369e-09
-8.899999999999999578e-02	2.905168340011872789e-10	8.972596841457160953e-10	-2.628411648415654582e-10	-1.728506837141819096e-09	-1.535985790788284356e-09	1.912085067734038719e-09	5.556045154487698597e-09	5.727761993153962388e-09	1.828790772715183517e-09	-1.032633536203133694e-09	-1.166663794355468551e-09
-8.799999999999999489e-02	4.601528620515656314e-10	1.066895712196094241e-09	-9.320513679118707981e-11	-1.558870809091440640e-09	-1.366349762737906107e-09	2.081721095784417175e-09	5.725681182538076226e-09	5.897398021204340844e-09	1.998426800765561766e-09	-8.629975081527554453e-10	-9.970277663050900949e-10
-8.699999999999999400e-02	7.554007951709249025e-10	1.362143645315453615e-09	2.020427963281721913e-10	-1.263622875972081472e-09	-1.071101829618546733e-09	2.376969028903776343e-09	6.020929115657436634e-09	6.192645954323699598e-09	2.293674733884920933e-09	-5.677495750333960708e-10	-7.017798331857308238e-10
-8.599999999999999312e-02	1.050142028479990898e-09	1.656884878624519404e-09	4.967840296372380577e-10	-9.688816426630154762e-10	-7.763605963094809438e-10	2.671710262212842132e-09	6.315670348966501596e-09	6.487387187632766214e-09	2.588415967193986722e-09	-2.730083417243303336e-10	-4.070385998766650349e-10
-8.500000000000000611e-02	1.352322843799707264e-09	1.959065693944235771e-09	7.989648449569546307e-10	-6.667008273432990066e-10	-4.741797809897643708e-10	2.973891077532558498e-09	6.617851164286218790e-09	6.789568002952482581e-09	2.890596782513703502e-09	2.917247359538627175e-11	-1.048577845569484619e-10
-8.400000000000000522e-02	1.680510559054849197e-09	2.287253409199378117e-09	1.127152560212096564e-09	-3.385131120881572286e-10	-1.459920657346225928e-10	3.302078792787700431e-09	6.946038879541360723e-09	7.117755718207625341e-09	3.218784497768845022e-09	3.573601888505280691e-10	2.233299306981933420e-10
-8.300000000000000433e-02	1.907053624112906968e-09	2.513796474257435681e-09	1.353695625270154334e-09	-1.119700470300992383e-10	8.055099932343541048e-11	3.528621857845757995e-09	7.172581944599418700e-09	7.344298783265682491e-09	3.445327562826902999e-09	5.839032539085860982e-10	4.498729957562513452e-10
-8.200000000000000344e-02	2.125632361697335323e-09	2.732375211841863209e-09	1.572274362854582069e-09	1.066086905543284190e-10	2.991297369078630677e-10	3.747200595430185936e-09	7.391160682183846228e-09	7.562877520850110019e-09	3.663906300411330941e-09	8.024819914930137296e-10	6.684517333406789766e-10
-8.100000000000000255e-02	2.352373270226683990e-09	2.959116120371212703e-09	1.799015271383931356e-09	3.333495990836777190e-10	5.258706454372124583e-10	3.973941503959535844e-09	7.617901590713196136e-09	7.789618429379459927e-09	3.890647208940680021e-09	1.029222900022363017e-09	8.951926418700282638e-10
-8.000000000000000167e-02	2.414535207172821344e-09	3.021278057317350471e-09	1.861177208330068711e-09	3.955115360298150734e-10	5.880325823833497092e-10	4.036103440905673198e-09	7.680063527659333490e-09	7.851780366325595627e-09	3.952809145886818203e-09	1.091384836968500371e-09	9.573545788161657215e-10
-7.900000000000000078e-02	2.352289452909288287e-09	2.959032303053817413e-09	1.798931454066535860e-09	3.332657817662823260e-10	5.257868281198170653e-10	3.973857686642138900e-09	7.617817773395799192e-09	7.789534612062064637e-09	3.890563391623285559e-09	1.029139082704967727e-09	8.951088245526329742e-10
-7.799999999999999989e-02	2.349274778693717089e-09	2.956017628838245388e-09	1.795916779850964248e-09	3.302511075507106109e-10	5.227721539042452467e-10	3.970843012426567288e-09	7.614803099180228407e-09	7.786519937846493852e-09	3.887548717407713120e-09	1.026124408489395909e-09	8.920941503370612590e-10
-7.699999999999999900e-02	2.478270208685193799e-09	3.085013058829722512e-09	1.924912209842440959e-09	4.592465375421872181e-10	6.517675838957218539e-10	4.099838442418045240e-09	7.743798529171703877e-09	7.915515367837969322e-09	4.016544147399189417e-09	1.155119838480872619e-09	1.021089580328537763e-09
-7.599999999999999811e-02	2.535229877242571534e-09	3.141972727387100247e-09	1.981871878399819107e-09	5.162062060995652625e-10	7.087272524530998984e-10	4.156798110975422560e-09	7.800758197729082025e-09	7.972475036395347470e-09	4.073503815956567565e-09	1.212079507038250353e-09	1.078049248885915704e-09
-7.499999999999999722e-02	2.618656008637724875e-09	3.225398858782254001e-09	2.065298009794972448e-09	5.996323374947187072e-10	7.921533838482533430e-10	4.240224242370576315e-09	7.884184329124235780e-09	8.055901167790501225e-09	4.156929947351721319e-09	1.295505638433403902e-09	1.161475380281069252e-09
-7.399999999999999634e-02	2.753488783701458411e-09	3.360231633845987124e-09	2.200130784858705571e-09	7.344651125584522436e-10	9.269861589119868795e-10	4.375057017434310679e-09	8.019017104187968489e-09	8.190733942854235589e-09	4.291762722415454856e-09	1.430338413497137645e-09	1.296308155344802788e-09
-7.299999999999999545e-02	2.909307488349153820e-09	3.516050338493682119e-09	2.355949489506400979e-09	8.902838172061472385e-10	1.082804863559681978e-09	4.530875722082004433e-09	8.174835808835664724e-09	8.346552647501928515e-09	4.447581427063149437e-09	1.586157118144832433e-09	1.452126859992497990e-09
-7.199999999999999456e-02	3.082781943039700915e-09	3.689524793184230456e-09	2.529423944196948488e-09	1.063758271896694954e-09	1.256279318250229694e-09	4.704350176772552769e-09	8.348310263526213061e-09	8.520027102192476852e-09	4.621055881753697774e-09	1.759631572835380356e-09	1.625601314683045499e-09
-7.099999999999999367e-02	3.211836976229313860e-09	3.818579826373843400e-09	2.658478977386561433e-09	1.192813305086307899e-09	1.385334351439842432e-09	4.833405209962164887e-09	8.477365296715824351e-09	8.649082135382089796e-09	4.750110914943310718e-09	1.888686606024993094e-09	1.754656347872658444e-09
-7.000000000000000666e-02	3.503734927554922866e-09	4.110477777699451579e-09	2.950376928712170439e-09	1.484711256411916698e-09	1.677232302765451231e-09	5.125303161287773893e-09	8.769263248041434184e-09	8.940980086707697975e-09	5.042008866268919724e-09	2.180584557350601686e-09	2.046554299198267036e-09
-6.900000000000000577e-02	3.609582053354411865e-09	4.216324903498941405e-09	3.056224054511659438e-09	1.590558382211405904e-09	1.783079428564940437e-09	5.231150287087262892e-09	8.875110373840923184e-09	9.046827212507186975e-09	5.147855992068408724e-09	2.286431683150091512e-09	2.152401424997756449e-09
-6.800000000000000488e-02	3.462237401515162680e-09	4.068980251659691806e-09	2.908879402672409839e-09	1.443213730372156305e-09	1.635734776725691044e-09	5.083805635248014120e-09	8.727765722001672757e-09	8.899482560667939857e-09	5.000511340229158297e-09	2.139087031310841499e-09	2.005056773158506850e-09
-6.700000000000000400e-02	3.453484174882742224e-09	4.060227025027271764e-09	2.900126176039989797e-09	1.434460503739736056e-09	1.626981550093270795e-09	5.075052408615594078e-09	8.719012495369253542e-09	8.890729334035518987e-09	4.991758113596739082e-09	2.130333804678421871e-09	1.996303546526086808e-09
-6.600000000000000311e-02	3.361507262537151227e-09	3.968250112681680354e-09	2.808149263694398800e-09	1.342483591394145060e-09	1.535004637747679592e-09	4.983075496270003495e-09	8.627035583023661305e-09	8.798752421689928405e-09	4.899781201251147672e-09	2.038356892332830461e-09	1.904326634180495811e-09
-6.500000000000000222e-02	3.247119671703900482e-09	3.853862521848430022e-09	2.693761672861148055e-09	1.228096000560894521e-09	1.420617046914429261e-09	4.868687905436752336e-09	8.512647992190412628e-09	8.684364830856676419e-09	4.785393610417897340e-09	1.923969301499579716e-09	1.789939043347245066e-09
-6.400000000000000133e-02	3.154892272669687408e-09	3.761635122814217362e-09	2.601534273826934981e-09	1.135868601526681654e-09	1.328389647880216186e-09	4.776460506402539676e-09	8.420420593156199140e-09	8.592137431822462931e-09	4.693166211383684680e-09	1.831741902465366848e-09	1.697711644313032199e-09
-6.300000000000000044e-02	3.167669380360809783e-09	3.774412230505339324e-09	2.614311381518057357e-09	1.148645709217803823e-09	1.341166755571338562e-09	4.789237614093660810e-09	8.433197700847321102e-09	8.604914539513584893e-09	4.705943319074806642e-09	1.844519010156489224e-09	1.710488752004154367e-09
-6.199999999999999956e-02	3.399489130013286036e-09	4.006231980157815576e-09	2.846131131170533609e-09	1.380465458870280075e-09	1.572986505223814607e-09	5.021057363746137062e-09	8.665017450499795700e-09	8.836734289166062799e-09	4.937763068727282894e-09	2.076338759808965269e-09	1.942308501656630206e-09
-6.099999999999999867e-02	3.352233033982476122e-09	3.958975884127006075e-09	2.798875035139723695e-09	1.333209362839470368e-09	1.525730409193004900e-09	4.973801267715327562e-09	8.617761354468989508e-09	8.789478193135251644e-09	4.890506972696473393e-09	2.029082663778155769e-09	1.895052405625820705e-09
-5.999999999999999778e-02	3.287307870448191806e-09	3.894050720592721347e-09	2.733949871605439380e-09	1.268284199305185432e-09	1.460805245658720171e-09	4.908876104181042833e-09	8.552836190934703952e-09	8.724553029600966089e-09	4.825581809162188665e-09	1.964157500243870626e-09	1.830127242091536183e-09
-5.899999999999999689e-02	3.168607433824748951e-09	3.775350283969277664e-09	2.615249434981996524e-09	1.149583762681742783e-09	1.342104809035277523e-09	4.790175667557599978e-09	8.434135754311261096e-09	8.605852592977524887e-09	4.706881372538745809e-09	1.845457063620427978e-09	1.711426805468093328e-09
-5.800000000000000294e-02	3.161505526694891829e-09	3.768248376839421783e-09	2.608147527852139402e-09	1.142481855551885868e-09	1.335002901905420607e-09	4.783073760427744096e-09	8.427033847181405215e-09	8.598750685847665697e-09	4.699779465408889101e-09	1.838355156490571269e-09	1.704324898338236413e-09
-5.700000000000000205e-02	3.209088447059901958e-09	3.815831297204431498e-09	2.655730448217149531e-09	1.190064775916895790e-09	1.382585822270430529e-09	4.830656680792752984e-09	8.474616767546414103e-09	8.646333606212677894e-09	4.747362385773897989e-09	1.885938076855581191e-09	1.751907818703246542e-09
-5.600000000000000117e-02	3.125734543892041201e-09	3.732477394036570328e-09	2.572376545049288361e-09	1.106710872749035034e-09	1.299231919102569773e-09	4.747302777624892642e-09	8.391262864378552106e-09	8.562979703044817551e-09	4.664008482606037646e-09	1.802584173687720435e-09	1.668553915535385578e-09
-5.500000000000000028e-02	3.225601977936612683e-09	3.832344828081141396e-09	2.672243979093859843e-09	1.206578306793606309e-09	1.399099353147140841e-09	4.847170211669462883e-09	8.491130298423124002e-09	8.662847137089387793e-09	4.763875916650608714e-09	1.902451607732291503e-09	1.768421349579956854e-09
-5.399999999999999939e-02	3.282593773133609117e-09	3.889336623278138657e-09	2.729235774290856690e-09	1.263570101990602950e-09	1.456091148344137896e-09	4.904162006866460144e-09	8.548122093620120435e-09	8.719838932286384226e-09	4.820867711847605975e-09	1.959443402929288351e-09	1.825413144776953701e-09
-5.299999999999999850e-02	3.277093827786444211e-09	3.883836677930973751e-09	2.723735828943691784e-09	1.258070156643438250e-09	1.450591202996972783e-09	4.898662061519295238e-09	8.542622148272954702e-09	8.714338986939220148e-09	4.815367766500441069e-09	1.953943457582123445e-09	1.819913199429788795e-09
-5.199999999999999761e-02	3.278011790696294839e-09	3.884754640840824379e-09	2.724653791853542412e-09	1.258988119553289085e-09	1.451509165906823617e-09	4.899580024429146693e-09	8.543540111182806157e-09	8.715256949849071603e-09	4.816285729410291697e-09	1.954861420491974486e-09	1.820831162339639630e-09
-5.099999999999999672e-02	3.155727493215703928e-09	3.762470343360233055e-09	2.602369494372951088e-09	1.136703822072697554e-09	1.329224868426232086e-09	4.777295726948555369e-09	8.421255813702215660e-09	8.592972652368477797e-09	4.694001431929700373e-09	1.832577123011382955e-09	1.698546864859048099e-09
-5.000000000000000278e-02	2.902056467069605558e-09	3.508799317214134684e-09	2.348698468226853131e-09	8.830327959265997002e-10	1.075553842280134336e-09	4.523624700802456171e-09	8.167584787556117290e-09	8.339301626222381080e-09	4.440330405783602829e-09	1.578906096865284998e-09	1.444875838712950348e-09
-4.900000000000000189e-02	2.741097807058662312e-09	3.347840657203191025e-09	2.187739808215909472e-09	7.220741359156557312e-10	9.145951822691903670e-10	4.362666040791513753e-09	8.006626127545172390e-09	8.178342966211437835e-09	4.279371745772657930e-09	1.417947436854341132e-09	1.283917178702006276e-09
-4.800000000000000100e-02	2.552216329853712375e-09	3.158959179998241088e-09	1.998858331010959948e-09	5.331926587107061043e-10	7.257137050642407401e-10	4.173784563586562989e-09	7.817744650340222453e-09	7.989461489006487898e-09	4.090490268567708820e-09	1.229065959649391402e-09	1.095035701497056546e-09
-4.700000000000000011e-02	2.506144170518211653e-09	3.112887020662740366e-09	1.952786171675458812e-09	4.871204993752051750e-10	6.796415457287399142e-10	4.127712404251063093e-09	7.771672491004723385e-09	7.943389329670987176e-09	4.044418109232207270e-09	1.182993800313890473e-09	1.048963542161555823e-09
-4.599999999999999922e-02	2.464863238230786055e-09	3.071606088375314768e-09	1.911505239388033628e-09	4.458395670877799387e-10	6.383606134413146263e-10	4.086431471963636668e-09	7.730391558717297787e-09	7.902108397383561578e-09	4.003137176944782499e-09	1.141712868026465288e-09	1.007682609874130432e-09
-4.499999999999999833e-02	2.275357629914379650e-09	2.882100480058907949e-09	1.721999631071626602e-09	2.563339587713730167e-10	4.488550051249077042e-10	3.896925863647230676e-09	7.540885950400890141e-09	7.712602789067153932e-09	3.813631568628374853e-09	9.522072597100582627e-10	8.181770015577236131e-10
-4.399999999999999745e-02	2.194084916574585044e-09	2.800827766719113757e-09	1.640726917731832410e-09	1.750612454315787985e-10	3.675822917851134085e-10	3.815653150307436070e-09	7.459613237061097189e-09	7.631330075727360980e-09	3.732358855288581902e-09	8.709345463702640704e-10	7.369042882179294208e-10
-4.299999999999999656e-02	2.160607548169599119e-09	2.767350398314128246e-09	1.607249549326846899e-09	1.415838770265932616e-10	3.341049233801279491e-10	3.782175781902450559e-09	7.426135868656110851e-09	7.597852707322375469e-09	3.698881486883595977e-09	8.374571779652785593e-10	7.034269198129438063e-10
-4.200000000000000261e-02	1.854950207151425091e-09	2.461693057295953597e-09	1.301592208308672250e-09	-1.640734639915814127e-10	2.844758236195323926e-11	3.476518440884276325e-09	7.120478527637936202e-09	7.292195366304200821e-09	3.393224145865420915e-09	5.317998369471039109e-10	3.977695787947691578e-10
-4.100000000000000172e-02	1.648707687719999720e-09	2.255450537864528227e-09	1.095349688877247087e-09	-3.703159834230066541e-10	-1.777949370694719924e-10	3.270275921452850954e-09	6.914236008206510832e-09	7.085952846872774623e-09	3.186981626433995545e-09	3.255573175156786437e-10	1.915270593633439165e-10
-4.000000000000000083e-02	1.561244279506331080e-09	2.167987129650859793e-09	1.007886280663578447e-09	-4.577793916366752941e-10	-2.652583452831406065e-10	3.182812513239182521e-09	6.826772599992842399e-09	6.998489438659106190e-09	3.099518218220327111e-09	2.380939093020100037e-10	1.040636511496752894e-10
-3.899999999999999994e-02	1.511129156046458533e-09	2.117872006190987453e-09	9.577711572037058993e-10	-5.078945150965477381e-10	-3.153734687430131023e-10	3.132697389779309766e-09	6.776657476532970472e-09	6.948374315199233435e-09	3.049403094760454771e-09	1.879787858421375855e-10	5.394852768980285186e-11
-3.799999999999999906e-02	1.343911682032518012e-09	1.950654532177046932e-09	7.905536831897653781e-10	-6.751119891104882592e-10	-4.825909427569536234e-10	2.965479915765369245e-09	6.609440002519029123e-09	6.781156841185292914e-09	2.882185620746513836e-09	2.076131182819705141e-11	-1.132689463241376758e-10
-3.699999999999999817e-02	1.172821768272870367e-09	1.779564618417399287e-09	6.194637694301177338e-10	-8.462019028701358001e-10	-6.536808565166012677e-10	2.794390002005721394e-09	6.438350088759382513e-09	6.610066927425645477e-09	2.711095706986866399e-09	-1.503286019314505541e-10	-2.843588600837853071e-10
-3.599999999999999728e-02	1.171302555890580270e-09	1.778045406035109189e-09	6.179445570478277393e-10	-8.477211152524258981e-10	-6.552000688988912622e-10	2.792870789623431503e-09	6.436830876377092208e-09	6.608547715043355999e-09	2.709576494604576507e-09	-1.518478143137406003e-10	-2.858780724660753533e-10
-3.500000000000000333e-02	9.901684893475559137e-10	1.596911339492084627e-09	4.368104905048032283e-10	-1.028855181795450461e-09	-8.363341354419157215e-10	2.611736723080407147e-09	6.255696809834067439e-09	6.427413648500331230e-09	2.528442428061552151e-09	-3.329818808567651113e-10	-4.670121390090998126e-10
-3.400000000000000244e-02	9.806018894134543420e-10	1.587344739557983055e-09	4.272438905707015532e-10	-1.038421781729552032e-09	-8.459007353760175000e-10	2.602170123146305576e-09	6.246130209899965867e-09	6.417847048566229658e-09	2.518875828127450166e-09	-3.425484807908667864e-10	-4.765787389432014877e-10
-3.300000000000000155e-02	8.275467502679079798e-10	1.434289600412436486e-09	2.741887514251552427e-10	-1.191476920875098395e-09	-9.989558745215638622e-10	2.449114984000759007e-09	6.093075070754420125e-09	6.264791909420683089e-09	2.365820688981904424e-09	-4.956036199364130969e-10	-6.296338780887478499e-10
-3.200000000000000067e-02	6.291050627021003755e-10	1.235847912846629192e-09	7.574706385934765140e-11	-1.389918608440906102e-09	-1.197397562087371156e-09	2.250673296434951506e-09	5.894633383188611797e-09	6.066350221854875588e-09	2.167379001416096510e-09	-6.940453075022205977e-10	-8.280755656545554541e-10
-3.099999999999999978e-02	4.632698040807490192e-10	1.070012654225277577e-09	-9.008819476200373079e-11	-1.555753867062257304e-09	-1.363232820708722564e-09	2.084838037813600304e-09	5.728798124567259769e-09	5.900514963233523560e-09	2.001543742794744895e-09	-8.598805661235721092e-10	-9.939108242759067588e-10
-2.999999999999999889e-02	7.473790538074458388e-11	6.814807555252734003e-10	-4.786200934620080498e-10	-1.944285765762261997e-09	-1.751764719408727258e-09	1.696306139113595817e-09	5.340266225867256109e-09	5.511983064533519900e-09	1.613011844094740615e-09	-1.248412464823576389e-09	-1.382442722975911246e-09
-2.900000000000000147e-02	-2.633876707443680139e-10	3.433551794001608025e-10	-8.167456695871206992e-10	-2.282411341887374647e-09	-2.089890295533839908e-09	1.358180562988483168e-09	5.002140649742143873e-09	5.173857488408407664e-09	1.274886267969628172e-09	-1.586538040948689039e-09	-1.720568299101023895e-09
-2.800000000000000058e-02	-5.641083246057481555e-10	4.263452553878062860e-11	-1.117466323448501099e-09	-2.583131995748754220e-09	-2.390610949395219894e-09	1.057459909127102975e-09	4.701419995880763887e-09	4.873136834547026850e-09	9.741656141082479789e-10	-1.887258694810069025e-09	-2.021288952962403675e-09
-2.699999999999999969e-02	-7.050255221356485027e-10	-9.828267199111969917e-11	-1.258383520978401136e-09	-2.724049193278655084e-09	-2.531528146925119931e-09	9.165427115972027309e-10	4.560502798350862195e-09	4.732219637017125986e-09	8.332484165783475284e-10	-2.028175892339969476e-09	-2.162206150492304126e-09
-2.599999999999999881e-02	-7.702122114327574628e-10	-1.634693612882287756e-10	-1.323570210275510200e-09	-2.789235882575763941e-09	-2.596714836222229201e-09	8.513560223000936674e-10	4.495316109053754579e-09	4.667032947720018370e-09	7.680617272812385682e-10	-2.093362581637078746e-09	-2.227392839789413396e-09
-2.500000000000000139e-02	-1.110047044103813165e-09	-5.033041939592843485e-10	-1.663405042946566005e-09	-3.129070715246819333e-09	-2.936549668893284593e-09	5.115211896290379653e-10	4.155481276382697533e-09	4.327198115048962151e-09	4.282268946101828661e-10	-2.433197414308134138e-09	-2.567227672460468788e-09
-2.400000000000000050e-02	-1.333618120901009680e-09	-7.268752707564807599e-10	-1.886976119743761900e-09	-3.352641792044015847e-09	-3.160120745690481108e-09	2.879501128318416573e-10	3.931910199585501845e-09	4.103627038251765636e-09	2.046558178129864806e-10	-2.656768491105331067e-09	-2.790798749257665303e-09
-2.299999999999999961e-02	-1.396021310997524343e-09	-7.892784608529954235e-10	-1.949379309840276563e-09	-3.415044982140530511e-09	-3.222523935786995772e-09	2.255469227353269936e-10	3.869507009488986768e-09	4.041223848155250559e-09	1.422526277164718428e-10	-2.719171681201845317e-09	-2.853201939354179966e-09
-2.199999999999999872e-02	-1.670098457652345221e-09	-1.063355607507816715e-09	-2.223456456495098475e-09	-3.689122128795352009e-09	-3.496601082441816856e-09	-4.853022391949412936e-11	3.595429862834166098e-09	3.767146701500429889e-09	-1.318245189383492673e-10	-2.993248827856665987e-09	-3.127279086009001464e-09
-2.100000000000000130e-02	-2.023323246661734588e-09	-1.416580396517206289e-09	-2.576681245504487428e-09	-4.042346917804741376e-09	-3.849825871451206637e-09	-4.017550129288836646e-10	3.242205073824776317e-09	3.413921912491040108e-09	-4.850493079477388671e-10	-3.346473616866056182e-09	-3.480503875018390418e-09
-2.000000000000000042e-02	-2.289125300512844623e-09	-1.682382450368315910e-09	-2.842483299355597050e-09	-4.308148971655851411e-09	-4.115627925302315844e-09	-6.675570667799933893e-10	2.976403019973666695e-09	3.148119858639930486e-09	-7.508513617988485919e-10	-3.612275670717166217e-09	-3.746305928869500039e-09
-1.899999999999999953e-02	-2.500213935634106159e-09	-1.893471085489577859e-09	-3.053571934476858999e-09	-4.519237606777113360e-09	-4.326716560423577794e-09	-8.786457019012553386e-10	2.765314384852404746e-09	2.937031223518668537e-09	-9.619399969201105412e-10	-3.823364305838427752e-09	-3.957394563990761988e-09
-1.799999999999999864e-02	-2.864140234566672243e-09	-2.257397384422143116e-09	-3.417498233409424670e-09	-4.883163905709677790e-09	-4.690642859356143051e-09	-1.242572000833820596e-09	2.401388085919839489e-09	2.573104924586103694e-09	-1.325866295852675798e-09	-4.187290604770993009e-09	-4.321320862923328073e-09
-1.700000000000000122e-02	-3.010797255342531209e-09	-2.404054405198002496e-09	-3.564155254185284050e-09	-5.029820926485537584e-09	-4.837299880132002017e-09	-1.389229021609679976e-09	2.254731065143980523e-09	2.426447903810244314e-09	-1.472523316628535178e-09	-4.333947625546852803e-09	-4.467977883699187039e-09
-1.600000000000000033e-02	-3.026929342642661283e-09	-2.420186492498132984e-09	-3.580287341485414537e-09	-5.045953013785668071e-09	-4.853431967432134159e-09	-1.405361108909810463e-09	2.238598977843850035e-09	2.410315816510113412e-09	-1.488655403928665666e-09	-4.350079712846983291e-09	-4.484109970999317527e-09
-1.499999999999999944e-02	-3.273942973672307376e-09	-2.667200123527778663e-09	-3.827300972515059803e-09	-5.292966644815313750e-09	-5.100445598461779011e-09	-1.652374739939456142e-09	1.991585346814204356e-09	2.163302185480467733e-09	-1.735669034958311345e-09	-4.597093343876628970e-09	-4.731123602028962378e-09
-1.400000000000000029e-02	-3.509687607601269704e-09	-2.902944757456740577e-09	-4.063045606444021717e-09	-5.528711278744276492e-09	-5.336190232390741753e-09	-1.888119373868418264e-09	1.755840712885241821e-09	1.927557551551505405e-09	-1.971413668887273673e-09	-4.832837977805590884e-09	-4.966868235957925120e-09
-1.299999999999999940e-02	-3.772617532854442411e-09	-3.165874682709913698e-09	-4.325975531697195251e-09	-5.791641203997448372e-09	-5.599120157643914460e-09	-2.151049299121591384e-09	1.492910787632069114e-09	1.664627626298332698e-09	-2.234343594140446380e-09	-5.095767903058763591e-09	-5.229798161211098654e-09
-1.200000000000000025e-02	-3.791827169342239349e-09	-3.185084319197710636e-09	-4.345185168184993017e-09	-5.810850840485245310e-09	-5.618329794131710571e-09	-2.170258935609388322e-09	1.473701151144272176e-09	1.645417989810535967e-09	-2.253553230628243318e-09	-5.114977539546560529e-09	-5.249007797698895592e-09
-1.099999999999999936e-02	-3.795141058465203135e-09	-3.188398208320673595e-09	-4.348499057307955149e-09	-5.814164729608209096e-09	-5.621643683254674357e-09	-2.173572824732351281e-09	1.470387262021309010e-09	1.642104100687572594e-09	-2.256867119751206691e-09	-5.118291428669523488e-09	-5.252321686821857724e-09
-1.000000000000000021e-02	-3.665881927261917893e-09	-3.059139077117389180e-09	-4.219239926104671147e-09	-5.684905598404925095e-09	-5.492384552051389528e-09	-2.044313693529066866e-09	1.599646393224593218e-09	1.771363231890857216e-09	-2.127607988547922276e-09	-4.989032297466239487e-09	-5.123062555618573723e-09
-8.999999999999999320e-03	-3.406418199687497528e-09	-2.799675349542968815e-09	-3.959776198530249955e-09	-5.425441870830503903e-09	-5.232920824476969163e-09	-1.784849965954646295e-09	1.859110120799013997e-09	2.030826959465277995e-09	-1.868144260973501497e-09	-4.729568569891818295e-09	-4.863598828044153358e-09
-8.000000000000000167e-03	-3.279565773685737367e-09	-2.672822923541208654e-09	-3.832923772528490621e-09	-5.298589444828743741e-09	-5.106068398475208175e-09	-1.657997539952885927e-09	1.985962546800774365e-09	2.157679385467038156e-09	-1.741291834971741336e-09	-4.602716143890058961e-09	-4.736746402042393197e-09
-7.000000000000000146e-03	-3.107027522745440875e-09	-2.500284672600912162e-09	-3.660385521588193302e-09	-5.126051193888446835e-09	-4.933530147534912923e-09	-1.485459289012589434e-09	2.158500797741070857e-09	2.330217636407334648e-09	-1.568753584031444637e-09	-4.430177892949762055e-09	-4.564208151102096291e-09
-6.000000000000000125e-03	-3.066219769975372966e-09	-2.459476919830843840e-09	-3.619577768818124980e-09	-5.085243441118379341e-09	-4.892722394764844602e-09	-1.444651536242521319e-09	2.199308550511138765e-09	2.371025389177402970e-09	-1.527945831261376522e-09	-4.389370140179693733e-09	-4.523400398332027969e-09
-5.000000000000000104e-03	-2.995151932396313756e-09	-2.388409082251785456e-09	-3.548509931239066596e-09	-5.014175603539320544e-09	-4.821654557185785804e-09	-1.373583698663462936e-09	2.270376388090197563e-09	2.442093226756460940e-09	-1.456877993682318138e-09	-4.318302302600634936e-09	-4.452332560752969999e-09
-4.000000000000000083e-03	-2.813559677256412486e-09	-2.206816827111883773e-09	-3.366917676099164913e-09	-4.832583348399418447e-09	-4.640062302045884535e-09	-1.191991443523561046e-09	2.451968643230099246e-09	2.623685481896363037e-09	-1.275285738542416248e-09	-4.136710047460733666e-09	-4.270740305613067902e-09
-3.000000000000000062e-03	-2.700402959790096978e-09	-2.093660109645567852e-09	-3.253760958632849405e-09	-4.719426630933102525e-09	-4.526905584579567786e-09	-1.078834726057245331e-09	2.565125360696414754e-09	2.736842199362678545e-09	-1.162129021076100740e-09	-4.023553329994417745e-09	-4.157583588146752808e-09
-2.000000000000000042e-03	-2.627785320555740796e-09	-2.021042470411211670e-09	-3.181143319398493223e-09	-4.646808991698746757e-09	-4.454287945345211191e-09	-1.006217086822889149e-09	2.637742999930770936e-09	2.809459838597035140e-09	-1.089511381841744352e-09	-3.950935690760061149e-09	-4.084965948912396212e-09
-1.000000000000000021e-03	-2.418110619115780226e-09	-1.811367768971251306e-09	-2.971468617958532653e-09	-4.437134290258786187e-09	-4.244613243905252275e-09	-7.965423853829289926e-10	2.847417701370730679e-09	3.019134540036994883e-09	-8.798366804017841952e-10	-3.741260989320101406e-09	-3.875291247472436470e-09
0.000000000000000000e+00	-2.315983793880962925e-09	-1.709240943736434212e-09	-2.869341792723715765e-09	-4.335007465023968472e-09	-4.142486418670434560e-09	-6.944155601481117944e-10	2.949544526605548394e-09	3.121261365271812185e-09	-7.777098551669669970e-10	-3.639134164085284105e-09	-3.773164422237618754e-09
1.000000000000000021e-03	-2.054977107626784102e-09	-1.448234257482254768e-09	-2.608335106469536528e-09	-4.074000778769790062e-09	-3.881479732416254496e-09	-4.334088738939322476e-10	3.210551212859728044e-09	3.382268051525991835e-09	-5.167031689127873467e-10	-3.378127477831104454e-09	-3.512157735983439104e-09
2.000000000000000042e-03	-1.772799571340052100e-09	-1.166056721195523594e-09	-2.326157570182804734e-09	-3.791823242483059095e-09	-3.599302196129524356e-09	-1.512313376072010474e-10	3.492728749146459425e-09	3.664445587812722802e-09	-2.345256326260561724e-10	-3.095949941544373487e-09	-3.229980199696708137e-09
3.000000000000000062e-03	-1.444428424575427071e-09	-8.376855744308981515e-10	-1.997786423418179291e-09	-3.463452095718433239e-09	-3.270931049364898500e-09	1.771398091574242140e-10	3.821099895911084454e-09	3.992816734577348245e-09	9.384551413856903725e-11	-2.767578794779748458e-09	-2.901609052932082694e-09
4.000000000000000083e-03	-1.251363083564584280e-09	-6.446202334200556709e-10	-1.804721082407337121e-09	-3.270386754707591275e-09	-3.077865708354056122e-09	3.702051501682667463e-10	4.014165236921927245e-09	4.185882075588191036e-09	2.869108551494116471e-10	-2.574513453768905667e-09	-2.708543711921240317e-09
5.000000000000000104e-03	-8.514017492864682299e-10	-2.446588991419395169e-10	-1.404759748129220967e-09	-2.870425420429474915e-09	-2.677904374075940175e-09	7.701664844463829003e-10	4.414126571200043192e-09	4.585843409866306983e-09	6.868721894275278011e-10	-2.174552119490789307e-09	-2.308582377643124370e-09
6.000000000000000125e-03	-5.492937589066377035e-10	5.744909123789115811e-11	-1.102651757749390544e-09	-2.568317430049644078e-09	-2.375796383696109339e-09	1.072274474826213530e-09	4.716234561579873615e-09	4.887951400246137406e-09	9.889801798073585343e-10	-1.872444129110958884e-09	-2.006474387263293533e-09
7.000000000000000146e-03	-1.661374619757042348e-10	4.406053881688246075e-10	-7.194954608184569460e-10	-2.185161133118710170e-09	-1.992640086765175844e-09	1.455430771757147025e-09	5.099390858510807109e-09	5.271107697177070900e-09	1.372136476738291822e-09	-1.489287832180025182e-09	-1.623318090332360039e-09
8.000000000000000167e-03	3.316079908880301337e-10	9.383508410325587951e-10	-2.217500079547225516e-10	-1.687415680254976292e-09	-1.494894633901441553e-09	1.953176224620881316e-09	5.597136311374541607e-09	5.768853150040805398e-09	1.869881929602026320e-09	-9.915423793162908912e-10	-1.125572637468625748e-09
8.999999999999999320e-03	7.113614495774205765e-10	1.318104299721949186e-09	1.580034507346678394e-10	-1.307662221565585695e-09	-1.115141175212051162e-09	2.332929683310271707e-09	5.976889770063931585e-09	6.148606608730196203e-09	2.249635388291416711e-09	-6.117889206269005002e-10	-7.458191787792351498e-10
1.000000000000000021e-02	8.932987692875517242e-10	1.500041619432080437e-09	3.399407704447990905e-10	-1.125724901855454443e-09	-9.332038555019199110e-10	2.514867003020403165e-09	6.158827089774062629e-09	6.330543928440326420e-09	2.431572708001547755e-09	-4.298516009167692491e-10	-5.638818590691040021e-10
1.099999999999999936e-02	9.888201598158443593e-10	1.595563009960372866e-09	4.354621609730915705e-10	-1.030203511327162015e-09	-8.376824649736273793e-10	2.610388393548696006e-09	6.254348480302355057e-09	6.426065318968619675e-09	2.527094098529840597e-09	-3.343302103884767691e-10	-4.683604685408114704e-10
1.200000000000000025e-02	1.101524383886563537e-09	1.708267234031092250e-09	5.481663850438107999e-10	-9.174992872564427340e-10	-7.249782409029080982e-10	2.723092617619414771e-09	6.367052704373075062e-09	6.538769543039338026e-09	2.639798322600559775e-09	-2.216259863177574880e-10	-3.556562444700921893e-10
1.299999999999999940e-02	1.276294027542766423e-09	1.883036877687295136e-09	7.229360287000136857e-10	-7.427296436002399516e-10	-5.502085972467053158e-10	2.897862261275617863e-09	6.541822348029277328e-09	6.713539186695541946e-09	2.814567966256762454e-09	-4.685634266155463451e-11	-1.808866008138893811e-10
1.400000000000000029e-02	1.285097865939061071e-09	1.891840716083589991e-09	7.317398670963084373e-10	-7.339258052039453035e-10	-5.414047588504105643e-10	2.906666099671912304e-09	6.550626186425572596e-09	6.722343025091836387e-09	2.823371804653056895e-09	-3.805250426525998637e-11	-1.720827624175947071e-10
1.499999999999999944e-02	1.267481868625885610e-09	1.874224718770414323e-09	7.141238697831328725e-10	-7.515418025171207648e-10	-5.590207561635861290e-10	2.889050102358736636e-09	6.533010189112396928e-09	6.704727027778660719e-09	2.805755807339881641e-09	-5.566850157843547357e-11	-1.896987597307702201e-10
1.600000000000000033e-02	1.122929517628699935e-09	1.729672367773228648e-09	5.695715187859471984e-10	-8.960941535143065424e-10	-7.035731071607718032e-10	2.744497751361551169e-09	6.388457838115210633e-09	6.560174676781474424e-09	2.661203456342695760e-09	-2.002208525756211671e-10	-3.342511107279558943e-10
1.700000000000000122e-02	1.218141511659386140e-09	1.824884361803915060e-09	6.647835128166334027e-10	-8.008821594836201313e-10	-6.083611131300855988e-10	2.839709745392237373e-09	6.483669832145897251e-09	6.655386670812161042e-09	2.756415450373382378e-09	-1.050088585449348723e-10	-2.390391166972695865e-10
1.799999999999999864e-02	1.219594605552097216e-09	1.826337455696625929e-09	6.662366067093445824e-10	-7.994290655909091583e-10	-6.069080192373744191e-10	2.841162839284948656e-09	6.485122926038607707e-09	6.656839764704872325e-09	2.757868544266092834e-09	-1.035557646522238089e-10	-2.375860228045585619e-10
1.899999999999999953e-02	1.321352205316287388e-09	1.928095055460816101e-09	7.679942064735345475e-10	-6.976714658267189864e-10	-5.051504194731843506e-10	2.942920439049138415e-09	6.586880525802799534e-09	6.758597364469062497e-09	2.859626144030283005e-09	-1.798164888033720598e-12	-1.358284230403684417e-10
2.000000000000000042e-02	1.210295156693005732e-09	1.817038006837534445e-09	6.569371578502530988e-10	-8.087285144500005385e-10	-6.162074680964659027e-10	2.831863390425857173e-09	6.475823477179517464e-09	6.647540315845781255e-09	2.748569095407001763e-09	-1.128552135113152408e-10	-2.468854716636499938e-10
2.100000000000000130e-02	9.462944201653121377e-10	1.553037270309840851e-09	3.929364213225594007e-10	-1.072729250977694237e-09	-8.802082046241596008e-10	2.567862653898163785e-09	6.211822740651823663e-09	6.383539579318087454e-09	2.484568358879308376e-09	-3.768559500390088872e-10	-5.108862081913435885e-10
2.199999999999999872e-02	6.384662413989300951e-10	1.245209091543458808e-09	8.510824255617737100e-11	-1.380557429744076279e-09	-1.188036383390541540e-09	2.260034475131781329e-09	5.903994561885441620e-09	6.075711400551705411e-09	2.176740180112926333e-09	-6.846841288053908781e-10	-8.187143869577256312e-10
2.299999999999999961e-02	4.567539613528380828e-10	1.063496811497366847e-09	-9.660403748991464135e-11	-1.562269709790168240e-09	-1.369748663436633707e-09	2.078322195085689575e-09	5.722282281839349453e-09	5.893999120505613244e-09	1.995027900066834166e-09	-8.663964088514830456e-10	-1.000426667003817695e-09
2.400000000000000050e-02	3.686309175544844231e-10	9.753737676990130328e-10	-1.847270812882682364e-10	-1.650392753588521848e-09	-1.457871707234987315e-09	1.990199151287335553e-09	5.634159238040995431e-09	5.805876076707259222e-09	1.906904856268480558e-09	-9.545194526498366535e-10	-1.088549710802171303e-09
2.500000000000000139e-02	2.339702216387652697e-10	8.407130717832940861e-10	-3.193877772039873640e-10	-1.785053449504241105e-09	-1.592532403150706366e-09	1.855538455371616503e-09	5.499498542125276381e-09	5.671215380791540999e-09	1.772244160352761301e-09	-1.089180148565555704e-09	-1.223210406717890560e-09
2.599999999999999881e-02	2.898721378706377762e-10	8.966149880151666443e-10	-2.634858609721149609e-10	-1.729151533272368443e-09	-1.536630486918833911e-09	1.911440371603489165e-09	5.555400458357149043e-09	5.727117297023412834e-09	1.828146076584633962e-09	-1.033278232333683249e-09	-1.167308490486017898e-09
2.699999999999999969e-02	3.003625696145222615e-10	9.071054197590510262e-10	-2.529954292282304239e-10	-1.718661101528484268e-09	-1.526140055174949322e-09	1.921930803347373340e-09	5.565890890101033632e-09	5.737607728767297422e-09	1.838636508328518344e-09	-1.022787800589798660e-09	-1.156818058742133517e-09
2.800000000000000058e-02	1.205243166522907960e-10	7.272671667968196124e-10	-4.328336821904619411e-10	-1.898499354490715785e-09	-1.705978308137180839e-09	1.742092550385142030e-09	5.386052637138802735e-09	5.557769475805066526e-09	1.658798255366287034e-09	-1.202626053552030384e-09	-1.336656311704364827e-09
2.900000000000000147e-02	4.842149163363974966e-11	6.551643417781685919e-10	-5.049365072091129615e-10	-1.970602179509366909e-09	-1.778081133155831756e-09	1.669989725366491112e-09	5.313949812120151611e-09	5.485666650786414575e-09	1.586695430347635910e-09	-1.274728878570681301e-09	-1.408759136723016158e-09
2.999999999999999889e-02	5.861174916338738997e-11	6.653545993079162839e-10	-4.947462496793652695e-10	-1.960411921979618700e-09	-1.767890875626084374e-09	1.680179982896238701e-09	5.324140069649898993e-09	5.495856908316161956e-09	1.596885687877383292e-09	-1.264538621040933506e-09	-1.398568879193268362e-09
3.099999999999999978e-02	1.309995859417508396e-10	7.377424360862797078e-10	-4.223584129010018457e-10	-1.888024085201255276e-09	-1.695503038847720744e-09	1.752567819674602332e-09	5.396527906428262416e-09	5.568244745094526207e-09	1.669273524655746922e-09	-1.192150784262570082e-09	-1.326181042414904938e-09
3.200000000000000067e-02	1.448280723030595934e-10	7.515709224475884357e-10	-4.085299265396931178e-10	-1.874195598839946859e-09	-1.681674552486411912e-09	1.766396306035910956e-09	5.410356392789571248e-09	5.582073231455835039e-09	1.683102011017055961e-09	-1.178322297901261457e-09	-1.312352556053596107e-09
3.300000000000000155e-02	3.169506359445607207e-11	6.384379137389849079e-10	-5.216629352482966456e-10	-1.987328607548549973e-09	-1.794807561195015440e-09	1.653263297327307428e-09	5.297223384080967306e-09	5.468940222747231097e-09	1.569969002308452226e-09	-1.291455306609864985e-09	-1.425485564762199635e-09
3.400000000000000244e-02	-2.285930900353379015e-10	3.781497601091909408e-10	-7.819510888780905610e-10	-2.247616761178344198e-09	-2.055095714824809459e-09	1.392975143697513410e-09	5.036935230451172667e-09	5.208652069117437285e-09	1.309680848678658207e-09	-1.551743460239658797e-09	-1.685773718391993447e-09
3.500000000000000333e-02	-4.243154641736884965e-10	1.824273859708402940e-10	-9.776734630164413887e-10	-2.443339135316694716e-09	-2.250818088963160390e-09	1.197252769559162685e-09	4.841212856312823390e-09	5.012929694979087181e-09	1.113958474540307690e-09	-1.747465834378009522e-09	-1.881496092530344585e-09
3.599999999999999728e-02	-4.028412751868649804e-10	2.039015749576638360e-10	-9.561992740296177175e-10	-2.421864946329871251e-09	-2.229343899976336926e-09	1.218726958545986150e-09	4.862687045299646855e-09	5.034403883965910646e-09	1.135432663527131154e-09	-1.725991645391186057e-09	-1.860021903543520913e-09
3.699999999999999817e-02	-7.053039913105254309e-10	-9.856114116599662743e-11	-1.258661990153278065e-09	-2.724327662453532012e-09	-2.531806616099997273e-09	9.162642424223259061e-10	4.560224329175985681e-09	4.731941167842250299e-09	8.329699474034706001e-10	-2.028454361514846404e-09	-2.162484619667181467e-09
3.799999999999999906e-02	-8.896595224023537063e-10	-2.829166722578248899e-10	-1.443017521245106547e-09	-2.908683193545360081e-09	-2.716162147191825342e-09	7.319087113304975272e-10	4.375868798084157198e-09	4.547585636750421817e-09	6.486144163116424281e-10	-2.212809892606674886e-09	-2.346840150759009536e-09
3.899999999999999994e-02	-8.885300989715203970e-10	-2.817872488269916322e-10	-1.441888097814273134e-09	-2.907553770114526875e-09	-2.715032723760992136e-09	7.330381347613308366e-10	4.376998221514991232e-09	4.548715060181255023e-09	6.497438397424756341e-10	-2.211680469175841680e-09	-2.345710727328176330e-09
4.000000000000000083e-02	-8.016642776273696630e-10	-1.949214274828408724e-10	-1.355022276470122297e-09	-2.820687948770376037e-09	-2.628166902416841298e-09	8.199039561054815706e-10	4.463864042859141655e-09	4.635580881525404619e-09	7.366096610866263680e-10	-2.124814647831690429e-09	-2.258844905984025493e-09
4.100000000000000172e-02	-1.031876676336283533e-09	-4.251338261917548721e-10	-1.585234675179036581e-09	-3.050900347479290321e-09	-2.858379301125755582e-09	5.896915573965674934e-10	4.233651644150227371e-09	4.405368482816491162e-09	5.063972623777124976e-10	-2.355027046540604713e-09	-2.489057304692939777e-09
4.200000000000000261e-02	-1.113556394661955683e-09	-5.068135445174266597e-10	-1.666914393504708110e-09	-3.132580065804961437e-09	-2.940059019451427111e-09	5.080118390708958608e-10	4.151971925824556256e-09	4.323688764490819220e-09	4.247175440520406583e-10	-2.436706764866276656e-09	-2.570737023018610892e-09
4.299999999999999656e-02	-1.321139322394217745e-09	-7.143964722496889289e-10	-1.874497321236970172e-09	-3.340162993537224120e-09	-3.147641947183689380e-09	3.004289113386335917e-10	3.944388998092293573e-09	4.116105836758557364e-09	2.171346163197784150e-10	-2.644289692598538512e-09	-2.778319950750873575e-09
4.399999999999999745e-02	-1.340653958987235191e-09	-7.339111088427063744e-10	-1.894011957829987824e-09	-3.359677630130241772e-09	-3.167156583776707033e-09	2.809142747456160945e-10	3.924874361499277161e-09	4.096591200165540125e-09	1.976199797267609436e-10	-2.663804329191555751e-09	-2.797834587343891227e-09
4.499999999999999833e-02	-1.231932755376499397e-09	-6.251899052319704775e-10	-1.785290754219252031e-09	-3.250956426519505772e-09	-3.058435380165971033e-09	3.896354783563519914e-10	4.033595565110011507e-09	4.205312403776275298e-09	3.063411833374968405e-10	-2.555083125580820164e-09	-2.689113383733155227e-09
4.599999999999999922e-02	-1.042848460256176117e-09	-4.361056101116470934e-10	-1.596206459098928750e-09	-3.061872131399182284e-09	-2.869351085045647959e-09	5.787197734766752204e-10	4.222679860230335409e-09	4.394396698896600027e-09	4.954254784578202247e-10	-2.365998830460497090e-09	-2.500029088612831739e-09
4.700000000000000011e-02	-1.215116690073032373e-09	-6.083738399285036602e-10	-1.768474688915785214e-09	-3.234140361216038748e-09	-3.041619314862504008e-09	4.064515436598187053e-10	4.050411630413478532e-09	4.222128469079742323e-09	3.231572486409635544e-10	-2.538267060277353553e-09	-2.672297318429687789e-09
4.800000000000000100e-02	-1.515988918029350345e-09	-9.092460678848216325e-10	-2.069346916872102979e-09	-3.535012589172356513e-09	-3.342491542818821774e-09	1.055793157035008364e-10	3.749539402457160766e-09	3.921256241123424557e-09	2.228502068464566939e-11	-2.839139288233671319e-09	-2.973169546386005968e-09
4.900000000000000189e-02	-1.789750986577009799e-09	-1.183008136432481086e-09	-2.343108985419762433e-09	-3.808774657720015967e-09	-3.616253611366482055e-09	-1.681827528441584882e-10	3.475777333909501726e-09	3.647494172575765517e-09	-2.514770478630136132e-10	-3.112901356781330773e-09	-3.246931614933665422e-09
5.000000000000000278e-02	-1.908093113799045932e-09	-1.301350263654517219e-09	-2.461451112641798772e-09	-3.927116784942052306e-09	-3.734595738588517567e-09	-2.865248800661948013e-10	3.357435206687465387e-09	3.529152045353729178e-09	-3.698191750850500039e-10	-3.231243484003367112e-09	-3.365273742155701761e-09
5.099999999999999672e-02	-1.840524729869826326e-09	-1.233781879725298026e-09	-2.393882728712579373e-09	-3.859548401012833321e-09	-3.667027354659298581e-09	-2.189564961369753507e-10	3.425003590616684786e-09	3.596720429282948577e-09	-3.022507911558305015e-10	-3.163675100074147713e-09	-3.297705358226482362e-09
5.199999999999999761e-02	-1.814588754269734115e-09	-1.207845904125205608e-09	-2.367946753112487162e-09	-3.833612425412740696e-09	-3.641091379059205957e-09	-1.930205205368830621e-10	3.450939566216776997e-09	3.622656404883041615e-09	-2.763148155557382388e-10	-3.137739124474055088e-09	-3.271769382626390151e-09
5.299999999999999850e-02	-2.033066335810554490e-09	-1.426323485666025777e-09	-2.586424334653307331e-09	-4.052090006953560865e-09	-3.859568960600026953e-09	-4.114981020777033083e-10	3.232461984675956828e-09	3.404178823342221033e-09	-4.947923970965584592e-10	-3.356216706014875670e-09	-3.490246964167210320e-09
5.399999999999999939e-02	-2.080151272658009829e-09	-1.473408422513481323e-09	-2.633509271500762670e-09	-4.099174943801016204e-09	-3.906653897447481465e-09	-4.585830389251589061e-10	3.185377047828501489e-09	3.357093886494765280e-09	-5.418773339440141086e-10	-3.403301642862331010e-09	-3.537331901014666073e-09
5.500000000000000028e-02	-2.225617412995275855e-09	-1.618874562850747349e-09	-2.778975411838028696e-09	-4.244641084138282229e-09	-4.052120037784747490e-09	-6.040491792624247249e-10	3.039910907491235463e-09	3.211627746157499254e-09	-6.873434742812798241e-10	-3.548767783199597035e-09	-3.682798041351932098e-09
5.600000000000000117e-02	-2.539113183902457012e-09	-1.932370333757927885e-09	-3.092471182745209439e-09	-4.558136855045463386e-09	-4.365615808691928647e-09	-9.175449501696054682e-10	2.726415136584054720e-09	2.898131975250318511e-09	-1.000839245188460774e-09	-3.862263554106777778e-09	-3.996293812259112014e-09
5.700000000000000205e-02	-2.890774933884322466e-09	-2.284032083739794166e-09	-3.444132932727075720e-09	-4.909798605027329254e-09	-4.717277558673795342e-09	-1.269206700151471232e-09	2.374753386602188853e-09	2.546470225268452644e-09	-1.352500995170326641e-09	-4.213925304088643646e-09	-4.347955562240977882e-09
5.800000000000000294e-02	-3.018137684262971330e-09	-2.411394834118442617e-09	-3.571495683105724170e-09	-5.037161355405977704e-09	-4.844640309052442965e-09	-1.396569450530120096e-09	2.247390636223540402e-09	2.419107474889803780e-09	-1.479863745548975299e-09	-4.341288054467292096e-09	-4.475318312619627159e-09
5.899999999999999689e-02	-2.934152904904969625e-09	-2.327410054760440912e-09	-3.487510903747722052e-09	-4.953176576047975173e-09	-4.760655529694440433e-09	-1.312584671172118185e-09	2.331375415581542107e-09	2.503092254247805897e-09	-1.395878966190973594e-09	-4.257303275109291219e-09	-4.391333533261625455e-09
5.999999999999999778e-02	-3.077560027226375931e-09	-2.470817177081847631e-09	-3.630918026069129185e-09	-5.096583698369381891e-09	-4.904062652015847979e-09	-1.455991793493524904e-09	2.187968293260135388e-09	2.359685131926399179e-09	-1.539286088512380106e-09	-4.400710397430697938e-09	-4.534740655583032174e-09
6.099999999999999867e-02	-3.121317534878334979e-09	-2.514574684733805852e-09	-3.674675533721087819e-09	-5.140341206021340112e-09	-4.947820159667806200e-09	-1.499749301145483538e-09	2.144210785608176753e-09	2.315927624274440958e-09	-1.583043596164338741e-09	-4.444467905082655332e-09	-4.578498163234991222e-09
6.199999999999999956e-02	-3.051080192840526635e-09	-2.444337342695997922e-09	-3.604438191683279476e-09	-5.070103863983532183e-09	-4.877582817629998271e-09	-1.429511959107675402e-09	2.214448127645985097e-09	2.386164966312248887e-09	-1.512806254126530604e-09	-4.374230563044847402e-09	-4.508260821197182465e-09
6.300000000000000044e-02	-3.053057312156612071e-09	-2.446314462012083358e-09	-3.606415310999364498e-09	-5.072080983299618859e-09	-4.879559936946084120e-09	-1.431489078423760630e-09	2.212471008329899661e-09	2.384187846996163452e-09	-1.514783373442616040e-09	-4.376207682360933251e-09	-4.510237940513267487e-09
6.400000000000000133e-02	-3.019032196734355818e-09	-2.412289346589827105e-09	-3.572390195577108658e-09	-5.038055867877362192e-09	-4.845534821523827453e-09	-1.397463963001504584e-09	2.246496123752155501e-09	2.418212962418419291e-09	-1.480758258020359787e-09	-4.342182566938676584e-09	-4.476212825091011648e-09
6.500000000000000222e-02	-2.995913608115156064e-09	-2.389170757970627351e-09	-3.549271606957908905e-09	-5.014937279258162025e-09	-4.822416232904628113e-09	-1.374345374382304831e-09	2.269614712371355254e-09	2.441331551037619045e-09	-1.457639669401160033e-09	-4.319063978319476417e-09	-4.453094236471812308e-09
6.600000000000000311e-02	-3.125189783292665522e-09	-2.518446933148136809e-09	-3.678547782135418362e-09	-5.144213454435672310e-09	-4.951692408082137571e-09	-1.503621549559814702e-09	2.140338537193845796e-09	2.312055375860109174e-09	-1.586915844578669904e-09	-4.448340153496985875e-09	-4.582370411649321765e-09
6.700000000000000400e-02	-3.185462193407263147e-09	-2.578719343262734434e-09	-3.738820192250015988e-09	-5.204485864550269108e-09	-5.011964818196735196e-09	-1.563893959674411914e-09	2.080066127079248171e-09	2.251782965745512376e-09	-1.647188254693267116e-09	-4.508612563611584327e-09	-4.642642821763919391e-09
6.800000000000000488e-02	-3.233417569118294038e-09	-2.626674718973764912e-09	-3.786775567961046465e-09	-5.252441240261299585e-09	-5.059920193907764846e-09	-1.611849335385442391e-09	2.032110751368217694e-09	2.203827590034481898e-09	-1.695143630404297594e-09	-4.556567939322614805e-09	-4.690598197474949868e-09
6.900000000000000577e-02	-3.123393045385793858e-09	-2.516650195241264731e-09	-3.676751044228546698e-09	-5.142416716528799405e-09	-4.949895670175265493e-09	-1.501824811652942417e-09	2.142135275100717874e-09	2.313852113766981252e-09	-1.585119106671797620e-09	-4.446543415590114624e-09	-4.580573673742450514e-09
7.000000000000000666e-02	-2.979427611265704440e-09	-2.372684761121176140e-09	-3.532785610108457280e-09	-4.998451282408710814e-09	-4.805930236055176902e-09	-1.357859377532853413e-09	2.286100709220806465e-09	2.457817547887070256e-09	-1.441153672551708615e-09	-4.302577981470025206e-09	-4.436608239622361096e-09
7.099999999999999367e-02	-2.785138666769206060e-09	-2.178395816624676933e-09	-3.338496665611958487e-09	-4.804162337912212848e-09	-4.611641291558677281e-09	-1.163570433036354413e-09	2.480389653717305672e-09	2.652106492383569877e-09	-1.246864728055209615e-09	-4.108289036973527240e-09	-4.242319295125860649e-09
7.199999999999999456e-02	-2.509854744327550465e-09	-1.903111894183022165e-09	-3.063212743170303305e-09	-4.528878415470556839e-09	-4.336357369117022100e-09	-8.882865105946994380e-10	2.755673576158960854e-09	2.927390414825224645e-09	-9.715808056135548473e-10	-3.833005114531871231e-09	-3.967035372684206294e-09
7.299999999999999545e-02	-2.641917042102015615e-09	-2.035174191957486902e-09	-3.195275040944768455e-09	-4.660940713245022403e-09	-4.468419666891486836e-09	-1.020348808369164588e-09	2.623611278384495703e-09	2.795328117050759081e-09	-1.103643103388019997e-09	-3.965067412306336795e-09	-4.099097670458671031e-09
7.399999999999999634e-02	-2.851232788363003474e-09	-2.244489938218475175e-09	-3.404590787205756728e-09	-4.870256459506009849e-09	-4.677735413152475937e-09	-1.229664554630152447e-09	2.414295532123507844e-09	2.586012370789771635e-09	-1.312958849649007857e-09	-4.174383158567325068e-09	-4.308413416719659304e-09
7.499999999999999722e-02	-3.284442489989010089e-09	-2.677699639844480963e-09	-3.837800488831763343e-09	-5.303466161132015636e-09	-5.110945114778481724e-09	-1.662874256256158856e-09	1.981085830497501643e-09	2.152802669163765020e-09	-1.746168551275014058e-09	-4.607592860193330856e-09	-4.741623118345666746e-09
7.599999999999999811e-02	-3.474476641582481819e-09	-2.867733791437952693e-09	-4.027834640425233832e-09	-5.493500312725488607e-09	-5.300979266371953868e-09	-1.852908407849630379e-09	1.791051678904029706e-09	1.962768517570293704e-09	-1.936202702868485788e-09	-4.797627011786802172e-09	-4.931657269939137235e-09
7.699999999999999900e-02	-3.694845650402807773e-09	-3.088102800258278647e-09	-4.248203649245561441e-09	-5.713869321545812907e-09	-5.521348275192278995e-09	-2.073277416669956333e-09	1.570682670083703959e-09	1.742399508749967543e-09	-2.156571711688811742e-09	-5.017996020607128126e-09	-5.152026278759464017e-09
7.799999999999999989e-02	-3.808705355756445773e-09	-3.201962505611917060e-09	-4.362063354599198613e-09	-5.827729026899451734e-09	-5.635207980545916994e-09	-2.187137122023594332e-09	1.456822964730065752e-09	1.628539803396329543e-09	-2.270431417042449742e-09	-5.131855725960766953e-09	-5.265885984113101189e-09
7.900000000000000078e-02	-4.046162878989669629e-09	-3.439420028845140503e-09	-4.599520877832422470e-09	-6.065186550132675590e-09	-5.872665503779140024e-09	-2.424594645256818189e-09	1.219365441496842103e-09	1.391082280163105894e-09	-2.507888940275673598e-09	-5.369313249193990809e-09	-5.503343507346325045e-09
8.000000000000000167e-02	-4.469629187235144575e-09	-3.862886337090614622e-09	-5.022987186077896589e-09	-6.488652858378150536e-09	-6.296131812024615797e-09	-2.848060953502292721e-09	7.958991332513673633e-10	9.676159719176313611e-10	-2.931355248521147717e-09	-5.792779557439465755e-09	-5.926809815591799164e-09
8.100000000000000255e-02	-4.860440431182114168e-09	-4.253697581037584215e-09	-5.413798430024867009e-09	-6.879464102325120129e-09	-6.686943055971585390e-09	-3.238872197449262728e-09	4.050878893043974085e-10	5.768047279706612512e-10	-3.322166492468118137e-09	-6.183590801386435348e-09	-6.317621059538770412e-09
8.200000000000000344e-02	-5.328394857905488299e-09	-4.721652007760958345e-09	-5.881752856748241139e-09	-7.347418529048493432e-09	-7.154897482694958693e-09	-3.706826624172636031e-09	-6.286653741897643741e-11	1.088503012472873794e-10	-3.790120919191491027e-09	-6.651545228109809479e-09	-6.785575486262143715e-09
8.300000000000000433e-02	-5.683860437196058884e-09	-5.077117587051529758e-09	-6.237218436038810898e-09	-7.702884108339064845e-09	-7.510363061985530933e-09	-4.062292203463207444e-09	-4.183321167095472041e-10	-2.466152780432833614e-10	-4.145586498482062440e-09	-7.007010807400380064e-09	-7.141041065552713473e-09
8.400000000000000522e-02	-5.923549100412950900e-09	-5.316806250268420946e-09	-6.476907099255702913e-09	-7.942572771555956861e-09	-7.750051725202422949e-09	-4.301980866680099460e-09	-6.580207799264386511e-10	-4.863039412601747568e-10	-4.385275161698953628e-09	-7.246699470617271253e-09	-7.380729728769605489e-09
8.500000000000000611e-02	-6.106650670935474774e-09	-5.499907820790945648e-09	-6.660008669778227615e-09	-8.125674342078482390e-09	-7.933153295724946823e-09	-4.485082437202624161e-09	-8.411223504489633527e-10	-6.694055117826994584e-10	-4.568376732221478330e-09	-7.429801041139795127e-09	-7.563831299292130191e-09
8.599999999999999312e-02	-6.104346416036671312e-09	-5.497603565892142186e-09	-6.657704414879423326e-09	-8.123370087179678100e-09	-7.930849040826144188e-09	-4.482778182303819872e-09	-8.388180955501597871e-10	-6.671012568838959961e-10	-4.566072477322674868e-09	-7.427496786240992492e-09	-7.561527044393325901e-09
8.699999999999999400e-02	-5.993091705508479169e-09	-5.386348855363949215e-09	-6.546449704351232010e-09	-8.012115376651483476e-09	-7.819594330297951218e-09	-4.371523471775626902e-09	-7.275633850219672305e-10	-5.558465463557034395e-10	-4.454817766794482725e-09	-7.316242075712799522e-09	-7.450272333865134585e-09
8.799999999999999489e-02	-6.000811972390516783e-09	-5.394069122245986829e-09	-6.554169971233269624e-09	-8.019835643533521917e-09	-7.827314597179988005e-09	-4.379243738657664516e-09	-7.352836519040049478e-10	-5.635668132377411568e-10	-4.462538033676520338e-09	-7.323962342594838790e-09	-7.457992600747173026e-09
8.899999999999999578e-02	-6.139215103332204776e-09	-5.532472253187675649e-09	-6.692573102174958443e-09	-8.158238774475210737e-09	-7.965717728121675170e-09	-4.517646869599353335e-09	-8.736867828456932507e-10	-7.019699441794293563e-10	-4.600941164618208331e-09	-7.462365473536525129e-09	-7.596395731688861846e-09
8.999999999999999667e-02	-6.386438493510708600e-09	-5.779695643366179473e-09	-6.939796492353460613e-09	-8.405462164653715388e-09	-8.212941118300179821e-09	-4.764870259777857987e-09	-1.120910173024197075e-09	-9.491933343579330770e-10	-4.848164554796712155e-09	-7.709588863715029780e-09	-7.843619121867364843e-09
9.099999999999999756e-02	-6.591331904152254781e-09	-5.984589054007725654e-09	-7.144689902995007621e-09	-8.610355575295259914e-09	-8.417834528941726002e-09	-4.969763670419403340e-09	-1.325803583665743256e-09	-1.154086744999479258e-09	-5.053057965438258336e-09	-7.914482274356574306e-09	-8.048512532508911024e-09
9.199999999999999845e-02	-6.588650487469139071e-09	-5.981907637324609944e-09	-7.142008486311891084e-09	-8.607674158612145859e-09	-8.415153112258611947e-09	-4.967082253736287630e-09	-1.323122166982627339e-09	-1.151405328316363548e-09	-5.050376548755142626e-09	-7.911800857673458597e-09	-8.045831115825793660e-09
9.299999999999999933e-02	-6.557449900482481117e-09	-5.950707050337951990e-09	-7.110807899325233130e-09	-8.576473571625488732e-09	-8.383952525271953166e-09	-4.935881666749630504e-09	-1.291921579995969799e-09	-1.120204741329706214e-09	-5.019175961768484672e-09	-7.880600270686801470e-09	-8.014630528839136533e-09
9.400000000000000022e-02	-6.747160447104699766e-09	-6.140417596960170639e-09	-7.300518445947452606e-09	-8.766184118247704899e-09	-8.573663071894170987e-09	-5.125592213371847498e-09	-1.481632126618188034e-09	-1.309915287951924243e-09	-5.208886508390703321e-09	-8.070310817309019291e-09	-8.204341075461356009e-09
9.500000000000000111e-02	-6.954942627682842426e-09	-6.348199777538313300e-09	-7.508300626525594440e-09	-8.973966298825849214e-09	-8.781445252472313648e-09	-5.333374393949990986e-09	-1.689414307196330488e-09	-1.517697468530066697e-09	-5.416668688968845982e-09	-8.278092997887163606e-09	-8.412123256039498670e-09
9.600000000000000200e-02	-7.022082361540817016e-09	-6.415339511396287890e-09	-7.575440360383569030e-09	-9.041106032683822150e-09	-8.848584986330288238e-09	-5.400514127807964749e-09	-1.756554041054305284e-09	-1.584837202388041287e-09	-5.483808422826820572e-09	-8.345232731745138196e-09	-8.479262989897473260e-09
9.700000000000000289e-02	-7.226768958966065360e-09	-6.620026108821537061e-09	-7.780126957808819028e-09	-9.245792630109072148e-09	-9.053271583755538236e-09	-5.605200725233214747e-09	-1.961240638479554456e-09	-1.789523799813290251e-09	-5.688495020252069743e-09	-8.549919329170386540e-09	-8.683949587322721604e-09
9.800000000000000377e-02	-7.410684944620004702e-09	-6.803942094475475576e-09	-7.964042943462757543e-09	-9.429708615763010663e-09	-9.237187569409475097e-09	-5.789116710887153262e-09	-2.145156624133493384e-09	-1.973439785467229593e-09	-5.872411005906008258e-09	-8.733835314824326710e-09	-8.867865572976661773e-09
9.900000000000000466e-02	-7.524992275854988757e-09	-6.918249425710458803e-09	-8.078350274697741597e-09	-9.544015946997993063e-09	-9.351494900644459151e-09	-5.903424042122135662e-09	-2.259463955368476611e-09	-2.087747116702212820e-09	-5.986718337140991485e-09	-8.848142646059307455e-09	-8.982172904211644173e-09
1.000000000000000056e-01	-7.679236715347897682e-09	-7.072493865203367728e-09	-8.232594714190648868e-09	-9.698260386490903643e-09	-9.505739340137368077e-09	-6.057668481615045415e-09	-2.413708394861385537e-09	-2.241991556195121746e-09	-6.140962776633900410e-09	-9.002387085552218035e-09	-9.136417343704553098e-09
1.010000000000000064e-01	-7.781013690879789190e-09	-7.174270840735259236e-09	-8.334371689722540376e-09	-9.800037362022795151e-09	-9.607516315669259584e-09	-6.159445457146936922e-09	-2.515485370393277044e-09	-2.343768531727013253e-09	-6.242739752165791918e-09	-9.104164061084109543e-09	-9.238194319236444606e-09
1.019999999999999934e-01	-7.758811897792957838e-09	-7.152069047648428711e-09	-8.312169896635710678e-09	-9.777835568935963799e-09	-9.585314522582429887e-09	-6.137243664060105570e-09	-2.493283577306446106e-09	-2.321566738640182729e-09	-6.220537959078961393e-09	-9.081962267997278191e-09	-9.215992526149613254e-09
1.029999999999999943e-01	-7.536582185665945076e-09	-6.929839335521416776e-09	-8.089940184508697916e-09	-9.555605856808951037e-09	-9.363084810455417125e-09	-5.915013951933094463e-09	-2.271053865179434171e-09	-2.099337026513170380e-09	-5.998308246951949458e-09	-8.859732555870267083e-09	-8.993762814022602146e-09
1.039999999999999952e-01	-7.270524226205122264e-09	-6.663781376060593138e-09	-7.823882225047874277e-09	-9.289547897348129052e-09	-9.097026850994595140e-09	-5.648955992472271651e-09	-2.004995905718610946e-09	-1.833279067052347362e-09	-5.732250287491126647e-09	-8.593674596409443444e-09	-8.727704854561778507e-09
1.049999999999999961e-01	-7.029617221062444005e-09	-6.422874370917914878e-09	-7.582975219905197673e-09	-9.048640892205450793e-09	-8.856119845851915227e-09	-5.408048987329592565e-09	-1.764088900575932893e-09	-1.592372061909668896e-09	-5.491343282348447560e-09	-8.352767591266765185e-09	-8.486797849419100248e-09
1.059999999999999970e-01	-6.870271186751888612e-09	-6.263528336607359486e-09	-7.423629185594641453e-09	-8.889294857894894573e-09	-8.696773811541359007e-09	-5.248702953019036345e-09	-1.604742866265377087e-09	-1.433026027599113089e-09	-5.331997248037892168e-09	-8.193421556956210620e-09	-8.327451815108545683e-09
1.069999999999999979e-01	-6.549711966335180024e-09	-5.942969116190650898e-09	-7.103069965177932038e-09	-8.568735637478185985e-09	-8.376214591124652073e-09	-4.928143732602328584e-09	-1.284183645848668293e-09	-1.112466807182404502e-09	-5.011438027621183580e-09	-7.872862336539500377e-09	-8.006892594691835441e-09
1.079999999999999988e-01	-6.175313571364303963e-09	-5.568570721219774009e-09	-6.728671570207055976e-09	-8.194337242507309924e-09	-8.001816196153776012e-09	-4.553745337631452523e-09	-9.097852508777920245e-10	-7.380684122115282335e-10	-4.637039632650307519e-09	-7.498463941568624316e-09	-7.632494199720959379e-09
1.089999999999999997e-01	-5.906398295381837064e-09	-5.299655445237307110e-09	-6.459756294224589077e-09	-7.925421966524843025e-09	-7.732900920171307458e-09	-4.284830061648985624e-09	-6.408699748953248150e-10	-4.691531362290610240e-10	-4.368124356667839792e-09	-7.229548665586157417e-09	-7.363578923738491653e-09
1.100000000000000006e-01	-5.559543173961206107e-09	-4.952800323816676980e-09	-6.112901172803958120e-09	-7.578566845104212068e-09	-7.386045798750677329e-09	-3.937974940228354667e-09	-2.940148534746942718e-10	-1.222980148084304032e-10	-4.021269235247209662e-09	-6.882693544165526460e-09	-7.016723802317860696e-09
1.110000000000000014e-01	-5.255624477431112640e-09	-4.648881627286583514e-09	-5.808982476273864654e-09	-7.274648148574119428e-09	-7.082127102220584689e-09	-3.634056243698261614e-09	9.903843055398999455e-12	1.816206817216628308e-10	-3.717350538717116196e-09	-6.578774847635433820e-09	-6.712805105787767229e-09
1.120000000000000023e-01	-5.016022447966207480e-09	-4.409279597821678354e-09	-5.569380446808960321e-09	-7.035046119109213441e-09	-6.842525072755679529e-09	-3.394454214233356867e-09	2.495058725203036829e-10	4.212227111865674739e-10	-3.477748509252211863e-09	-6.339172818170528660e-09	-6.473203076322864551e-09
1.130000000000000032e-01	-4.758923373277395323e-09	-4.152180523132866196e-09	-5.312281372120148163e-09	-6.777947044420401283e-09	-6.585425998066866544e-09	-3.137355139544543882e-09	5.066049472091163059e-10	6.783217858753800969e-10	-3.220649434563398878e-09	-6.082073743481715676e-09	-6.216104001634051566e-09
1.140000000000000041e-01	-4.575475037904650421e-09	-3.968732187760121294e-09	-5.128833036747402434e-09	-6.594498709047657209e-09	-6.401977662694121642e-09	-2.953906804171798980e-09	6.900532825818614148e-10	8.617701212481253092e-10	-3.037201099190653976e-09	-5.898625408108971601e-09	-6.032655666261305009e-09
1.150000000000000050e-01	-4.456188072206587394e-09	-3.849445222062058268e-09	-5.009546071049340235e-09	-6.475211743349593355e-09	-6.282690696996058616e-09	-2.834619838473735954e-09	8.093402482799242342e-10	9.810570869461879218e-10	-2.917914133492590950e-09	-5.779338442410908574e-09	-5.913368700563243638e-09
1.160000000000000059e-01	-4.003302713652929566e-09	-3.396559863508400439e-09	-4.556660712495681579e-09	-6.022326384795936354e-09	-5.829805338442401614e-09	-2.381734479920078125e-09	1.262225606833582166e-09	1.433942445499845957e-09	-2.465028774938933535e-09	-5.326453083857250746e-09	-5.460483342009584982e-09
1.170000000000000068e-01	-3.559600508813942931e-09	-2.952857658669415046e-09	-4.112958507656695772e-09	-5.578624179956949719e-09	-5.386103133603414980e-09	-1.938032275081092318e-09	1.705927811672568180e-09	1.877644650338831764e-09	-2.021326570099947314e-09	-4.882750879018264111e-09	-5.016781137170599175e-09
1.179999999999999938e-01	-3.316751969757663000e-09	-2.710009119613133874e-09	-3.870109968600415427e-09	-5.335775640900669375e-09	-5.143254594547134635e-09	-1.695183736024811560e-09	1.948776350728848732e-09	2.120493189395112523e-09	-1.778478031043666762e-09	-4.639902339961982940e-09	-4.773932598114318003e-09
1.189999999999999947e-01	-3.053932723051270899e-09	-2.447189872906742186e-09	-3.607290721894023740e-09	-5.072956394194277687e-09	-4.880435347840742121e-09	-1.432364489318419666e-09	2.211595597435240833e-09	2.383312436101504624e-09	-1.515658784337274868e-09	-4.377083093255592906e-09	-4.511113351407926315e-09
1.199999999999999956e-01	-2.724908810610389525e-09	-2.118165960465860399e-09	-3.278266809453141952e-09	-4.743932481753395900e-09	-4.551411435399861987e-09	-1.103340576877538085e-09	2.540619509876121793e-09	2.712336348542385998e-09	-1.186634871896393287e-09	-4.048059180814710292e-09	-4.182089438967045355e-09
1.209999999999999964e-01	-2.356481609382551084e-09	-1.749738759238022164e-09	-2.909839608225303924e-09	-4.375505280525557045e-09	-4.182984234172023132e-09	-7.349133756496998501e-10	2.909046711103960235e-09	3.080763549770224026e-09	-8.182076706685549493e-10	-3.679631979586871850e-09	-3.813662237739206500e-09
1.219999999999999973e-01	-2.165678903804628779e-09	-1.558936053660100066e-09	-2.719036902647381206e-09	-4.184702574947635153e-09	-3.992181528594100414e-09	-5.441106700717775454e-10	3.099849416681882539e-09	3.271566255348146330e-09	-6.274049650906327480e-10	-3.488829274008950373e-09	-3.622859532161284195e-09
1.229999999999999982e-01	-1.878785721705657841e-09	-1.272042871561129335e-09	-2.432143720548410268e-09	-3.897809392848663802e-09	-3.705288346495129476e-09	-2.572174879728067626e-10	3.386742598780853064e-09	3.558459437447116855e-09	-3.405117829916619651e-10	-3.201936091909979435e-09	-3.335966350062313671e-09
1.239999999999999991e-01	-1.577513836206994743e-09	-9.707709860624660296e-10	-2.130871835049747169e-09	-3.596537507350000703e-09	-3.404016460996466378e-09	4.405439752585658789e-11	3.688014484279516576e-09	3.859731322945780780e-09	-3.923989749299856943e-11	-2.900664206411315923e-09	-3.034694464563650159e-09
1.250000000000000000e-01	-1.284443898469716244e-09	-6.777010483251875308e-10	-1.837801897312469291e-09	-3.303467569612722825e-09	-3.110946523259188499e-09	3.371243352631347830e-10	3.981084422016795695e-09	4.152801260683058659e-09	2.538300402442796321e-10	-2.607594268674037631e-09	-2.741624526826372694e-09
