0.000000000000000000e+00	-6.000000000000000125e-03	-5.000000000000000104e-03	-4.000000000000000083e-03	-3.000000000000000062e-03	-2.000000000000000042e-03	-1.000000000000000021e-03	0.000000000000000000e+00	1.000000000000000021e-03	2.000000000000000042e-03	3.000000000000000062e-03	4.000000000000000083e-03	5.000000000000000104e-03	6.000000000000000125e-03
-1.000000000000000056e-01	2.381377447133900153e-09	1.384454741446218525e-09	1.110067168166641731e-09	1.099078862361385563e-09	9.320125621256467583e-10	4.213286794181647191e-10	-1.094801887327555141e-10	-3.967464215554986417e-10	5.873296281727062075e-10	1.058208315187804585e-09	1.370518035529418105e-09	1.602550003176552857e-09	1.247628639909560935e-09
-9.900000000000000466e-02	2.294998651479163564e-09	1.298075945791482143e-09	1.023688372511905142e-09	1.012700066706648974e-09	8.456337664709103760e-10	3.349498837634282852e-10	-1.958589843874919221e-10	-4.831252172102350239e-10	5.009508325179696185e-10	9.718295195330682026e-10	1.284139239874681929e-09	1.516171207521816681e-09	1.161249844254824552e-09
-9.800000000000000377e-02	2.368394491761783316e-09	1.371471786074101895e-09	1.097084212794524894e-09	1.086095906989268933e-09	9.190296067535301281e-10	4.083457240460480889e-10	-1.224631441048721183e-10	-4.097293769276152201e-10	5.743466728005895774e-10	1.045225359815687955e-09	1.357535080157301681e-09	1.589567047804436227e-09	1.234645684537444304e-09
-9.700000000000000289e-02	2.776527099144894630e-09	1.779604393457212796e-09	1.505216820177635794e-09	1.494228514372379834e-09	1.327162214136641029e-09	8.164783314291588862e-10	2.856694632782386014e-10	-1.596769544504490309e-12	9.824792801837004780e-10	1.453357967198798855e-09	1.765667687540412375e-09	1.997699655187547127e-09	1.642778291920554998e-09
-9.600000000000000200e-02	3.040043046346845663e-09	2.043120340659164656e-09	1.768732767379587448e-09	1.757744461574331280e-09	1.590678161338592682e-09	1.079994278631110539e-09	5.491854104801904098e-10	2.619191776574472304e-10	1.245995227385652131e-09	1.716873914400750302e-09	2.029183634742363822e-09	2.261215602389498574e-09	1.906294239122506445e-09
-9.500000000000000111e-02	3.287707856388573693e-09	2.290785150700891858e-09	2.016397577421315063e-09	2.005409271616058482e-09	1.838342971380320091e-09	1.327659088672837949e-09	7.968502205219178188e-10	5.095839876991746912e-10	1.493660037427379540e-09	1.964538724442477711e-09	2.276848444784091438e-09	2.508880412431226603e-09	2.153959049164234061e-09
-9.400000000000000022e-02	3.434652292802199219e-09	2.437729587114517384e-09	2.163342013834940590e-09	2.152353708029684422e-09	1.985287407793946238e-09	1.474603525086463889e-09	9.437946569355435521e-10	6.565284241128005279e-10	1.640604473841005274e-09	2.111483160856103651e-09	2.423792881197717378e-09	2.655824848844851716e-09	2.300903485577860001e-09
-9.299999999999999933e-02	3.580231785622501121e-09	2.583309079934818873e-09	2.308921506655242492e-09	2.297933200849985911e-09	2.130866900614247726e-09	1.620183017906765377e-09	1.089374149755845247e-09	8.021079169331020161e-10	1.786183966661306762e-09	2.257062653676405139e-09	2.569372374018018866e-09	2.801404341665153618e-09	2.446482978398161489e-09
-9.199999999999999845e-02	3.700834211454099834e-09	2.703911505766418413e-09	2.429523932486841619e-09	2.418535626681585038e-09	2.251469326445846853e-09	1.740785443738364504e-09	1.209976575587444374e-09	9.227103427647012463e-10	1.906786392492906096e-09	2.377665079508004680e-09	2.689974799849617993e-09	2.922006767496752331e-09	2.567085404229760616e-09
-9.099999999999999756e-02	3.794454033032240872e-09	2.797531327344559037e-09	2.523143754064982656e-09	2.512155448259726075e-09	2.345089148023987891e-09	1.834405265316505541e-09	1.303596397165585412e-09	1.016330164342842387e-09	2.000406214071046720e-09	2.471284901086146131e-09	2.783594621427759030e-09	3.015626589074893369e-09	2.660705225807901653e-09
-8.999999999999999667e-02	3.706266690229698753e-09	2.709343984542017745e-09	2.434956411262440951e-09	2.423968105457184784e-09	2.256901805221445772e-09	1.746217922513963836e-09	1.215409054363043500e-09	9.281428215403004753e-10	1.912218871268505428e-09	2.383097558283604012e-09	2.695407278625216912e-09	2.927439246272352077e-09	2.572517883005359535e-09
-8.899999999999999578e-02	3.519942101675867914e-09	2.523019395988186493e-09	2.248631822708610112e-09	2.237643516903353118e-09	2.070577216667614933e-09	1.559893333960132791e-09	1.029084465809212661e-09	7.418182329864694301e-10	1.725894282714674176e-09	2.196772969729773174e-09	2.509082690071386073e-09	2.741114657718520825e-09	2.386193294451528696e-09
-8.799999999999999489e-02	3.612412206070435962e-09	2.615489500382754541e-09	2.341101927103177746e-09	2.330113621297921579e-09	2.163047321062182567e-09	1.652363438354700838e-09	1.121554570203780502e-09	8.342883373810373742e-10	1.818364387109242017e-09	2.289243074124340808e-09	2.601552794465954121e-09	2.833584762113088873e-09	2.478663398846096744e-09
-8.699999999999999400e-02	3.622096974660391074e-09	2.625174268972709653e-09	2.350786695693132858e-09	2.339798389887875864e-09	2.172732089652137679e-09	1.662048206944655537e-09	1.131239338793735407e-09	8.439731059709922792e-10	1.828049155699196922e-09	2.298927842714295506e-09	2.611237563055908819e-09	2.843269530703043985e-09	2.488348167436051442e-09
-8.599999999999999312e-02	3.437002993613318789e-09	2.440080287925637368e-09	2.165692714646060574e-09	2.154704408840804406e-09	1.987638108605065808e-09	1.476954225897583459e-09	9.461453577466633291e-10	6.588791249239203048e-10	1.642955174652125257e-09	2.113833861667223635e-09	2.426143582008836948e-09	2.658175549655971700e-09	2.303254186388979571e-09
-8.500000000000000611e-02	3.333310554774298839e-09	2.336387849086617005e-09	2.062000275807040210e-09	2.051011970001783629e-09	1.883945669766045031e-09	1.373261787058563302e-09	8.424529189076429657e-10	5.551866860848999415e-10	1.539262735813104687e-09	2.010141422828203271e-09	2.322451143169816585e-09	2.554483110816951750e-09	2.199561747549959208e-09
-8.400000000000000522e-02	3.185243678826748431e-09	2.188320973139066597e-09	1.913933399859489802e-09	1.902945094054233635e-09	1.735878793818495243e-09	1.225194911111013101e-09	6.943860429600929712e-10	4.071198101373497918e-10	1.391195859865554693e-09	1.862074546880653277e-09	2.174384267222266590e-09	2.406416234869401342e-09	2.051494871602409213e-09
-8.300000000000000433e-02	3.230384695893138023e-09	2.233461990205456601e-09	1.959074416925879393e-09	1.948086111120623640e-09	1.781019810884884421e-09	1.270335928177402692e-09	7.395270600264823556e-10	4.522608272037391763e-10	1.436336876931944077e-09	1.907215563947042455e-09	2.219525284288656181e-09	2.451557251935790933e-09	2.096635888668798804e-09
-8.200000000000000344e-02	3.335933052425674698e-09	2.339010346737993277e-09	2.064622773458416896e-09	2.053634467653160315e-09	1.886568167417421717e-09	1.375884284709939575e-09	8.450754165590193414e-10	5.578091837362762138e-10	1.541885233464480960e-09	2.012763920479579957e-09	2.325073640821192857e-09	2.557105608468327609e-09	2.202184245201335893e-09
-8.100000000000000255e-02	3.343704415263476737e-09	2.346781709575794902e-09	2.072394136296218521e-09	2.061405830490961940e-09	1.894339530255223342e-09	1.383655647547741406e-09	8.528467793968211732e-10	5.655805465740780456e-10	1.549656596302282791e-09	2.020535283317381582e-09	2.332845003658994895e-09	2.564876971306129234e-09	2.209955608039137518e-09
-8.000000000000000167e-02	3.341349047827188802e-09	2.344426342139507794e-09	2.070038768859931000e-09	2.059050463054674419e-09	1.891984162818935820e-09	1.381300280111453885e-09	8.504914119605335481e-10	5.632251791377904205e-10	1.547301228865995270e-09	2.018179915881094061e-09	2.330489636222706960e-09	2.562521603869842126e-09	2.207600240602849583e-09
-7.900000000000000078e-02	3.153169791548361210e-09	2.156247085860679375e-09	1.881859512581102167e-09	1.870871206775846413e-09	1.703804906540107608e-09	1.193121023832625465e-09	6.623121556817054392e-10	3.750459228589622081e-10	1.359121972587167264e-09	1.830000659602265435e-09	2.142310379943879368e-09	2.374342347591013707e-09	2.019420984324021991e-09
-7.799999999999999989e-02	3.134040327946746317e-09	2.137117622259064482e-09	1.862730048979487688e-09	1.851741743174231314e-09	1.684675442938492716e-09	1.173991560231010780e-09	6.431826920800906501e-10	3.559164592573475225e-10	1.339992508985552372e-09	1.810871196000650542e-09	2.123180916342264062e-09	2.355212883989399641e-09	2.000291520722406685e-09
-7.699999999999999900e-02	3.198862972574723372e-09	2.201940266887041537e-09	1.927552693607464743e-09	1.916564387802208575e-09	1.749498087566469977e-09	1.238814204858987628e-09	7.080053367080676016e-10	4.207391038853244740e-10	1.404815153613529427e-09	1.875693840628627804e-09	2.188003560970241531e-09	2.420035528617376283e-09	2.065114165350384154e-09
-7.599999999999999811e-02	3.294574092232966980e-09	2.297651386545285559e-09	2.023263813265708764e-09	2.012275507460452597e-09	1.845209207224713792e-09	1.334525324517231856e-09	8.037164563663116229e-10	5.164502235435684953e-10	1.500526273271773241e-09	1.971404960286871825e-09	2.283714680628485138e-09	2.515746648275619890e-09	2.160825285008627761e-09
-7.499999999999999722e-02	3.495675735970545276e-09	2.498753030282863028e-09	2.224365457003286647e-09	2.213377151198030066e-09	2.046310850962291468e-09	1.535626968254809532e-09	1.004818100103889402e-09	7.175518672811461710e-10	1.701627917009350917e-09	2.172506604024449294e-09	2.484816324366063021e-09	2.716848292013197773e-09	2.361926928746205644e-09
-7.399999999999999634e-02	3.497311868138837055e-09	2.500389162451155634e-09	2.226001589171578840e-09	2.215013283366322672e-09	2.047946983130584074e-09	1.537263100423101932e-09	1.006454232272181595e-09	7.191879994494384675e-10	1.703264049177643317e-09	2.174142736192741901e-09	2.486452456534355214e-09	2.718484424181489966e-09	2.363563060914497837e-09
-7.299999999999999545e-02	3.472667161999335584e-09	2.475744456311653749e-09	2.201356883032077368e-09	2.190368577226820787e-09	2.023302276991082189e-09	1.512618394283600047e-09	9.818095261326799169e-10	6.945432933099367893e-10	1.678619343038141638e-09	2.149498030053240429e-09	2.461807750394853743e-09	2.693839718041988081e-09	2.338918354774996366e-09
-7.199999999999999456e-02	3.069581331524708928e-09	2.072658625837027093e-09	1.798271052557450712e-09	1.787282746752194338e-09	1.620216446516455533e-09	1.109532563808973598e-09	5.787236956580533644e-10	2.914574628353102885e-10	1.275533512563514983e-09	1.746412199578613567e-09	2.058721919920227087e-09	2.290753887567361425e-09	1.935832524300369710e-09
-7.099999999999999367e-02	2.863246491313809199e-09	1.866323785626127364e-09	1.591936212346550570e-09	1.580947906541294609e-09	1.413881606305555804e-09	9.031977235980737653e-10	3.723888554471535322e-10	8.512262262441040455e-11	1.069198672352615254e-09	1.540077359367713838e-09	1.852387079709327358e-09	2.084419047356462110e-09	1.729497684089469981e-09
-7.000000000000000666e-02	2.661354012958718338e-09	1.664431307271036503e-09	1.390043733991459502e-09	1.379055428186203334e-09	1.211989127950464529e-09	7.013052452429826969e-10	1.704963770920624121e-10	-1.167698557306807155e-10	8.673061939975240820e-10	1.338184881012622563e-09	1.650494601354236289e-09	1.882526569001370835e-09	1.527605205734378706e-09
-6.900000000000000577e-02	2.208673075836998556e-09	1.211750370149316722e-09	9.373627968697401340e-10	9.263744910644838632e-10	7.593081908287451617e-10	2.486243081212630708e-10	-2.821845600296571623e-10	-5.694507928524003417e-10	4.146252568758045592e-10	8.855039438909031951e-10	1.197813664232516508e-09	1.429845631879651467e-09	1.074924268612659131e-09
-6.800000000000000488e-02	2.012435373860958963e-09	1.015512668173277129e-09	7.411250948937003343e-10	7.301367890884442703e-10	5.630704888527054654e-10	5.238660614522336807e-11	-4.784222620056968069e-10	-7.656884948284399345e-10	2.183875548997648371e-10	6.892662419148632920e-10	1.001575962256476915e-09	1.233607929903611874e-09	8.786865666366196417e-10
-6.700000000000000400e-02	1.901189188789670194e-09	9.042664831019885661e-10	6.298789098224116682e-10	6.188906040171555008e-10	4.518243037814167993e-10	-5.885957892606526574e-11	-5.896684470769853696e-10	-8.769346798997284973e-10	1.071413698284761968e-10	5.780200568435747293e-10	8.903297771851881458e-10	1.122361744832323105e-09	7.674403815653309756e-10
-6.600000000000000311e-02	1.705224600857426936e-09	7.083018951697453082e-10	4.339143218901685654e-10	4.229260160849124497e-10	2.558597158491736965e-10	-2.548241668583083427e-10	-7.856330350092286275e-10	-1.072899267831971755e-09	-8.882321810376690595e-11	3.820554689113315748e-10	6.943651892529451981e-10	9.263971569000798468e-10	5.714757936330878211e-10
-6.500000000000000222e-02	1.484009602225559427e-09	4.870868965378775923e-10	2.126993232583008495e-10	2.017110174530447338e-10	3.464471721730598058e-11	-4.760391654901761103e-10	-1.006848033641096240e-09	-1.294114266463839471e-09	-3.100382167356345702e-10	1.608404702794638589e-10	4.731501906210774822e-10	7.051821582682122343e-10	3.502607950012201569e-10
-6.400000000000000133e-02	1.172941101345120605e-09	1.760183956574387444e-10	-9.836917762213807599e-11	-1.093574834273941917e-10	-2.764237836631329449e-10	-7.871076663706150357e-10	-1.317916534521535269e-09	-1.605182767344278293e-09	-6.211067176160736507e-10	-1.502280306009750666e-10	1.620816897406384792e-10	3.941136573877733089e-10	3.919229412078118618e-11
-6.300000000000000044e-02	1.126783467379992947e-09	1.298607616923111638e-10	-1.445268115872656566e-10	-1.555151173925217723e-10	-3.225814176282605513e-10	-8.332653003357424871e-10	-1.364074168486662720e-09	-1.651340401309405744e-09	-6.672643515812011020e-10	-1.963856645661026213e-10	1.159240557755108986e-10	3.479560234226457542e-10	-6.965339844346398429e-12
-6.199999999999999956e-02	1.079310117692931838e-09	8.238741200524996487e-11	-1.920001612743268426e-10	-2.029884670795829324e-10	-3.700547673153217115e-10	-8.807386500228038023e-10	-1.411547518173724035e-09	-1.698813750996467060e-09	-7.147377012682624173e-10	-2.438590142531638331e-10	6.845070608844972554e-11	3.004826737355845423e-10	-5.443868953140758687e-11
-6.099999999999999867e-02	1.255260819411338363e-09	2.583381137236568387e-10	-1.604945955591999462e-11	-2.703776536117610062e-11	-1.941040655969148764e-10	-7.047879483043969673e-10	-1.235596816455317304e-09	-1.522863049278060328e-09	-5.387869995498554789e-10	-6.790831253475697226e-11	2.444014078068565218e-10	4.764333754539913773e-10	1.215120121869992740e-10
-5.999999999999999778e-02	1.412410834264182710e-09	4.154881285765009784e-10	1.411005552969241580e-10	1.301122494916680423e-10	-3.695405074407072380e-11	-5.476379334515527242e-10	-1.078446801602472957e-09	-1.365713034425215982e-09	-3.816369846970113392e-10	8.924170231808716744e-11	4.015514226597007132e-10	6.335833903068355170e-10	2.786620270398433879e-10
-5.899999999999999689e-02	1.405042396095997931e-09	4.081196904083162517e-10	1.337321171287395089e-10	1.227438113234833932e-10	-4.432248891225537938e-11	-5.550063716197375026e-10	-1.085815239770657736e-09	-1.373081472593400760e-09	-3.890054228651959624e-10	8.187326414990251832e-11	3.941829844915160382e-10	6.262149521386508420e-10	2.712935888716587646e-10
-5.800000000000000294e-02	1.384675606622397503e-09	3.877529009347159782e-10	1.133653276551391966e-10	1.023770218498830939e-10	-6.468927838585567225e-11	-5.753731610933378277e-10	-1.106182029244258164e-09	-1.393448262067001189e-09	-4.093722123387962876e-10	6.150647467630221899e-11	3.738161950179157647e-10	6.058481626650505169e-10	2.509267993980584394e-10
-5.700000000000000205e-02	1.436749739895033579e-09	4.398270342073520025e-10	1.654394609277751563e-10	1.544511551225190406e-10	-1.261514511321972067e-11	-5.232990278207017518e-10	-1.054107895971622088e-09	-1.341374128794365319e-09	-3.572980790661603150e-10	1.135806079489381786e-10	4.258903282905517890e-10	6.579222959376865929e-10	3.030009326706944120e-10
-5.600000000000000117e-02	1.423369341220417492e-09	4.264466355327357094e-10	1.520590622531588632e-10	1.410707564479027475e-10	-2.599554378783602181e-11	-5.366794264953180448e-10	-1.067488294646238381e-09	-1.354754527468981406e-09	-3.706784777407766081e-10	1.002002092743218727e-10	4.125099296159354443e-10	6.445418972630701964e-10	2.896205339960781189e-10
-5.500000000000000028e-02	1.448739961604307628e-09	4.518172559166257933e-10	1.774296826370489729e-10	1.664413768317928831e-10	-6.249234039458814105e-13	-5.113088061114280127e-10	-1.042117674262348039e-09	-1.329383907085091063e-09	-3.453078573568864725e-10	1.255708296582120082e-10	4.378805499998255281e-10	6.699125176469604353e-10	3.149911543799683062e-10
-5.399999999999999939e-02	1.488982848863793851e-09	4.920601431761121195e-10	2.176725698965353767e-10	2.066842640912792610e-10	3.961796385554049487e-11	-4.710659188519415831e-10	-1.001874787002861609e-09	-1.289141019825605047e-09	-3.050649700974000947e-10	1.658137169176983861e-10	4.781234372593120094e-10	7.101554049064466581e-10	3.552340416394546324e-10
-5.299999999999999850e-02	1.502334374211834261e-09	5.054116685241526331e-10	2.310240952445757869e-10	2.200357894393196712e-10	5.296948920358092450e-11	-4.577143935039011728e-10	-9.885232616548214060e-10	-1.275789494477564430e-09	-2.917134447493596844e-10	1.791652422657388222e-10	4.914749626073524196e-10	7.235069302544871718e-10	3.685855669874950426e-10
-5.199999999999999761e-02	1.526093826686380590e-09	5.291711209986989620e-10	2.547835477191221675e-10	2.437952419138660518e-10	7.672894167812727280e-11	-4.339549410293547922e-10	-9.647638091802750771e-10	-1.252030042003018101e-09	-2.679539922748133038e-10	2.029246947402851770e-10	5.152344150818987486e-10	7.472663827290336041e-10	3.923450194620414232e-10
-5.099999999999999672e-02	1.733860121133964287e-09	7.369374154462824526e-10	4.625498421667056581e-10	4.515615363614495941e-10	2.844952361257107892e-10	-2.261886465817712758e-10	-7.569975147326914831e-10	-1.044263747555434404e-09	-6.018769782722978738e-11	4.106909891878687192e-10	7.230007095294822391e-10	9.550326771766171981e-10	6.001113139096250689e-10
-5.000000000000000278e-02	1.955773011785261861e-09	9.588503060975800267e-10	6.844627328180034390e-10	6.734744270127472716e-10	5.064081267770084667e-10	-4.275755930473550664e-12	-5.350846240813938056e-10	-8.223508569041369332e-10	1.617251928240679160e-10	6.326038798391662933e-10	9.449136001807800200e-10	1.176945567827914772e-09	8.220242045609226430e-10
-4.900000000000000189e-02	2.364575327392062273e-09	1.367652621704380439e-09	1.093265048424803851e-09	1.082276742619547477e-09	9.152104423838087754e-10	4.045265596763267362e-10	-1.262823084745934452e-10	-4.135485412973365729e-10	5.705275084308681212e-10	1.041406195445966912e-09	1.353715915787580225e-09	1.585747883434715184e-09	1.230826520167722848e-09
-4.800000000000000100e-02	2.891254374884683648e-09	1.894331669197002227e-09	1.619944095917425432e-09	1.608955790112169472e-09	1.441889489876430460e-09	9.312056071689485244e-10	4.003967390180283429e-10	1.131305061952852153e-10	1.097206555923489909e-09	1.568085242938588494e-09	1.880394963280201807e-09	2.112426930927336559e-09	1.757505567660344636e-09
-4.700000000000000011e-02	3.327721928234350182e-09	2.330799222546668347e-09	2.056411649267091553e-09	2.045423343461834972e-09	1.878357043226096787e-09	1.367673160518614438e-09	8.368642923676943082e-10	5.495980595449511805e-10	1.533674109273156030e-09	2.004552796288254200e-09	2.316862516629867927e-09	2.548894484277002679e-09	2.193973121010010550e-09
-4.599999999999999922e-02	3.700576445545989496e-09	2.703653739858308488e-09	2.429266166578731694e-09	2.418277860773475113e-09	2.251211560537736515e-09	1.740527677830254579e-09	1.209718809679334449e-09	9.224525768565911148e-10	1.906528626584795757e-09	2.377407313599894755e-09	2.689717033941507654e-09	2.921749001588642820e-09	2.566827638321650277e-09
-4.499999999999999833e-02	4.070296084171016681e-09	3.073373378483334846e-09	2.798985805203758052e-09	2.787997499398501471e-09	2.620931199162762873e-09	2.110247316455280730e-09	1.579438448304360807e-09	1.292172215481617576e-09	2.276248265209822115e-09	2.747126952224921113e-09	3.059436672566534012e-09	3.291468640213669178e-09	2.936547276946676635e-09
-4.399999999999999745e-02	4.097294127896952866e-09	3.100371422209270618e-09	2.825983848929694651e-09	2.814995543124437656e-09	2.647929242888699472e-09	2.137245360181216916e-09	1.606436492030297199e-09	1.319170259207553968e-09	2.303246308935758301e-09	2.774124995950857298e-09	3.086434716292470611e-09	3.318466683939605777e-09	2.963545320672613234e-09
-4.299999999999999656e-02	4.203546261805237225e-09	3.206623556117555390e-09	2.932235982837978595e-09	2.921247677032722428e-09	2.754181376796983416e-09	2.243497494089501687e-09	1.712688625938581351e-09	1.425422393115838327e-09	2.409498442844043072e-09	2.880377129859141243e-09	3.192686850200754970e-09	3.424718817847890135e-09	3.069797454580898006e-09
-4.200000000000000261e-02	4.414047495215022478e-09	3.417124789527341057e-09	3.142737216247764677e-09	3.131748910442508096e-09	2.964682610206769497e-09	2.453998727499287355e-09	1.923189859348367018e-09	1.635923626525624201e-09	2.619999676253828740e-09	3.090878363268927738e-09	3.403188083610541051e-09	3.635220051257675389e-09	3.280298687990683674e-09
-4.100000000000000172e-02	4.675780848652754000e-09	3.678858142965072992e-09	3.404470569685496198e-09	3.393482263880239617e-09	3.226415963644501019e-09	2.715732080937019290e-09	2.184923212786098540e-09	1.897656979963355929e-09	2.881733029691560261e-09	3.352611716706658845e-09	3.664921437048272572e-09	3.896953404695407324e-09	3.542032041428415609e-09
-4.000000000000000083e-02	4.713357743642955333e-09	3.716435037955273085e-09	3.442047464675696704e-09	3.431059158870440123e-09	3.263992858634701939e-09	2.753308975927219383e-09	2.222500107776299460e-09	1.935233874953556435e-09	2.919309924681760768e-09	3.390188611696859352e-09	3.702498332038473078e-09	3.934530299685607831e-09	3.579608936418616115e-09
-3.899999999999999994e-02	4.517535376516604084e-09	3.520612670828922663e-09	3.246225097549345869e-09	3.235236791744089701e-09	3.068170491508351103e-09	2.557486608800868961e-09	2.026677740649949038e-09	1.739411507827205807e-09	2.723487557555410346e-09	3.194366244570508516e-09	3.506675964912122657e-09	3.738707932559257409e-09	3.383786569292265280e-09
-3.799999999999999906e-02	4.355102691187047786e-09	3.358179985499365952e-09	3.083792412219789157e-09	3.072804106414532576e-09	2.905737806178793978e-09	2.395053923471311835e-09	1.864245055320391912e-09	1.576978822497648475e-09	2.561054872225853220e-09	3.031933559240952218e-09	3.344243279582565118e-09	3.576275247229700283e-09	3.221353883962707741e-09
-3.699999999999999817e-02	4.507144240813145091e-09	3.510221535125463670e-09	3.235833961845886875e-09	3.224845656040630294e-09	3.057779355804891696e-09	2.547095473097409967e-09	2.016286604946489217e-09	1.729020372123746400e-09	2.713096421851950939e-09	3.183975108867049936e-09	3.496284829208662836e-09	3.728316796855797588e-09	3.373395433588805459e-09
-3.599999999999999728e-02	4.451412609748108078e-09	3.454489904060425416e-09	3.180102330780848621e-09	3.169114024975592454e-09	3.002047724739853856e-09	2.491363842032371713e-09	1.960554973881451790e-09	1.673288741058708559e-09	2.657364790786913098e-09	3.128243477802011682e-09	3.440553198143625409e-09	3.672585165790760575e-09	3.317663802523767618e-09
-3.500000000000000333e-02	4.505345285082499628e-09	3.508422579394818207e-09	3.234035006115241413e-09	3.223046700309985245e-09	3.055980400074246234e-09	2.545296517366764505e-09	2.014487649215844168e-09	1.727221416393100937e-09	2.711297466121305890e-09	3.182176153136404060e-09	3.494485873478017787e-09	3.726517841125152953e-09	3.371596477858160410e-09
-3.400000000000000244e-02	4.947359549211452885e-09	3.950436843523771464e-09	3.676049270244195083e-09	3.665060964438939329e-09	3.497994664203200731e-09	2.987310781495718589e-09	2.456501913344798252e-09	2.169235680522054814e-09	3.153311730250259560e-09	3.624190417265358558e-09	3.936500137606971871e-09	4.168532105254106209e-09	3.813610741987114908e-09
-3.300000000000000155e-02	5.176815401600358427e-09	4.179892695912676179e-09	3.905505122633100625e-09	3.894516816827844044e-09	3.727450516592105446e-09	3.216766633884623303e-09	2.685957765733702967e-09	2.398691532910959529e-09	3.382767582639164688e-09	3.853646269654263686e-09	4.165955989995876586e-09	4.397987957643010924e-09	4.043066594376018795e-09
-3.200000000000000067e-02	4.914726296890574418e-09	3.917803591202892997e-09	3.643416017923314962e-09	3.632427712118059622e-09	3.465361411882320610e-09	2.954677529174838468e-09	2.423868661023918545e-09	2.136602428201175520e-09	3.120678477929379853e-09	3.591557164944478850e-09	3.903866885286092577e-09	4.135898852933226916e-09	3.780977489666234787e-09
-3.099999999999999978e-02	4.765580934652092101e-09	3.768658228964409853e-09	3.494270655684833472e-09	3.483282349879576891e-09	3.316216049643838293e-09	2.805532166936356564e-09	2.274723298785435814e-09	1.987457065962693203e-09	2.971533115690897535e-09	3.442411802705996119e-09	3.754721523047609432e-09	3.986753490694745425e-09	3.631832127427752883e-09
-2.999999999999999889e-02	4.714378677099033257e-09	3.717455971411352250e-09	3.443068398131775042e-09	3.432080092326518874e-09	3.265013792090779862e-09	2.754329909383298133e-09	2.223521041232377797e-09	1.936254808409634773e-09	2.920330858137839519e-09	3.391209545152938103e-09	3.703519265494552243e-09	3.935551233141686581e-09	3.580629869874694452e-09
-2.900000000000000147e-02	4.706790959373355858e-09	3.709868253685673196e-09	3.435480680406096401e-09	3.424492374600840234e-09	3.257426074365101636e-09	2.746742191657619493e-09	2.215933323506699570e-09	1.928667090683956546e-09	2.912743140412160878e-09	3.383621827427259463e-09	3.695931547768873189e-09	3.927963515416007528e-09	3.573042152149015812e-09
-2.800000000000000058e-02	4.711911790708767669e-09	3.714989085021085834e-09	3.440601511741509040e-09	3.429613205936252872e-09	3.262546905700513861e-09	2.751863022993032132e-09	2.221054154842111795e-09	1.933787922019368771e-09	2.917863971747573517e-09	3.388742658762671687e-09	3.701052379104285001e-09	3.933084346751420166e-09	3.578162983484428451e-09
-2.699999999999999969e-02	4.643714809069320075e-09	3.646792103381638240e-09	3.372404530102061446e-09	3.361416224296805278e-09	3.194349924061066267e-09	2.683666041353584538e-09	2.152857173202664201e-09	1.865590940379921177e-09	2.849666990108125923e-09	3.320545677123224093e-09	3.632855397464837820e-09	3.864887365111972572e-09	3.509966001844980857e-09
-2.599999999999999881e-02	4.476980460713312960e-09	3.480057755025631952e-09	3.205670181746055158e-09	3.194681875940798577e-09	3.027615575705059979e-09	2.516931692997577836e-09	1.986122824846657913e-09	1.698856592023914682e-09	2.682932641752119221e-09	3.153811328767218219e-09	3.466121049108831119e-09	3.698153016755966284e-09	3.343231653488973742e-09
-2.500000000000000139e-02	4.355512917896305340e-09	3.358590212208623505e-09	3.084202638929046711e-09	3.073214333123790543e-09	2.906148032888051531e-09	2.395464150180569389e-09	1.864655282029649052e-09	1.577389049206906028e-09	2.561465098935110774e-09	3.032343785950209772e-09	3.344653506291822671e-09	3.576685473938957837e-09	3.221764110671965294e-09
-2.400000000000000050e-02	4.379402361014407734e-09	3.382479655326725900e-09	3.108092082047149105e-09	3.097103776241892938e-09	2.930037476006153926e-09	2.419353593298672197e-09	1.888544725147751861e-09	1.601278492325008630e-09	2.585354542053213169e-09	3.056233229068312166e-09	3.368542949409925066e-09	3.600574917057060232e-09	3.245653553790068102e-09
-2.299999999999999961e-02	4.478380241864395857e-09	3.481457536176714022e-09	3.207069962897137227e-09	3.196081657091881060e-09	3.029015356856142462e-09	2.518331474148660319e-09	1.987522605997740396e-09	1.700256373174997165e-09	2.684332422903201704e-09	3.155211109918299875e-09	3.467520830259914015e-09	3.699552797907048767e-09	3.344631434640056638e-09
-2.199999999999999872e-02	4.411560724561423295e-09	3.414638018873741874e-09	3.140250445594165079e-09	3.129262139788908912e-09	2.962195839553170314e-09	2.451511956845688171e-09	1.920703088694768248e-09	1.633436855872024811e-09	2.617512905600229556e-09	3.088391592615328141e-09	3.400701312956941454e-09	3.632733280604076206e-09	3.277811917337084077e-09
-2.100000000000000130e-02	4.272109009087810015e-09	3.275186303400129008e-09	3.000798730120552213e-09	2.989810424315296046e-09	2.822744124079557034e-09	2.312060241372075305e-09	1.781251373221154969e-09	1.493985140398411738e-09	2.478061190126616277e-09	2.948939877141715274e-09	3.261249597483328587e-09	3.493281565130463340e-09	3.138360201863471210e-09
-2.000000000000000042e-02	3.902779388723143753e-09	2.905856683035461918e-09	2.631469109755885123e-09	2.620480803950628542e-09	2.453414503714890358e-09	1.942730621007408215e-09	1.411921752856487879e-09	1.124655520033744648e-09	2.108731569761949187e-09	2.579610256777047771e-09	2.891919977118661498e-09	3.123951944765796250e-09	2.769030581498804121e-09
-1.899999999999999953e-02	3.607896924049302475e-09	2.610974218361620641e-09	2.336586645082044260e-09	2.325598339276787679e-09	2.158532039041049494e-09	1.647848156333567145e-09	1.117039288182647015e-09	8.297730553599038874e-10	1.813849105088108323e-09	2.284727792103207321e-09	2.597037512444820634e-09	2.829069480091954972e-09	2.474148116824963257e-09
-1.799999999999999864e-02	3.496865175218470657e-09	2.499942469530789236e-09	2.225554896251212442e-09	2.214566590445956274e-09	2.047500290210217263e-09	1.536816407502735327e-09	1.006007539351815197e-09	7.187413065290720695e-10	1.702817356257276919e-09	2.173696043272375503e-09	2.486005763613988402e-09	2.718037731261123568e-09	2.363116367994131439e-09
-1.700000000000000122e-02	3.374765927736800535e-09	2.377843222049118287e-09	2.103455648769541906e-09	2.092467342964285325e-09	1.925401042728547140e-09	1.414717160021064791e-09	8.839082918701445577e-10	5.966420590474014301e-10	1.580718108775606176e-09	2.051596795790704553e-09	2.363906516132318280e-09	2.595938483779453032e-09	2.241017120512460903e-09
-1.600000000000000033e-02	3.424896511474702141e-09	2.427973805787020306e-09	2.153586232507443512e-09	2.142597926702187345e-09	1.975531626466448333e-09	1.464847743758966604e-09	9.340388756080462673e-10	6.467726427853031397e-10	1.630848692513507989e-09	2.101727379528606159e-09	2.414037099870219886e-09	2.646069067517355052e-09	2.291147704250362509e-09
-1.499999999999999944e-02	3.422191256973478463e-09	2.425268551285796628e-09	2.150880978006219834e-09	2.139892672200963666e-09	1.972826371965225068e-09	1.462142489257743132e-09	9.313336211068227960e-10	6.440673882840797717e-10	1.628143438012284724e-09	2.099022125027382895e-09	2.411331845368996622e-09	2.643363813016131787e-09	2.288442449749139245e-09
-1.400000000000000029e-02	3.335157749761603648e-09	2.338235044073922227e-09	2.063847470794345432e-09	2.052859164989089265e-09	1.885792864753350253e-09	1.375108982045868524e-09	8.443001138949481877e-10	5.570338810722051635e-10	1.541109930800409909e-09	2.011988617815508493e-09	2.324298338157121807e-09	2.556330305804256559e-09	2.201408942537264430e-09
-1.299999999999999940e-02	3.137452319109948855e-09	2.140529613422267020e-09	1.866142040142690226e-09	1.855153734337434058e-09	1.688087434101695253e-09	1.177403551394213318e-09	6.465946832432929811e-10	3.593284504205499569e-10	1.343404500148754703e-09	1.814283187163853287e-09	2.126592907505466600e-09	2.358624875152601766e-09	2.003703511885609637e-09
-1.200000000000000025e-02	2.905417289143769432e-09	1.908494583456088011e-09	1.634107010176511010e-09	1.623118704371254842e-09	1.456052404135516037e-09	9.453685214280338948e-10	4.145596532771137651e-10	1.272934204543706116e-10	1.111369470182575487e-09	1.582248157197673864e-09	1.894557877539287177e-09	2.126589845186422756e-09	1.771668481919430007e-09
-1.099999999999999936e-02	2.792930040580599689e-09	1.796007334892917647e-09	1.521619761613341266e-09	1.510631455808085099e-09	1.343565155572346294e-09	8.328812728648642549e-10	3.020724047139441251e-10	1.480617189120096841e-11	9.988822216194057433e-10	1.469760908634504327e-09	1.782070628976117847e-09	2.014102596623252599e-09	1.659181233356260470e-09
-1.000000000000000021e-02	2.501316219078138968e-09	1.504393513390457133e-09	1.230005940110880545e-09	1.219017634305624378e-09	1.051951334069885573e-09	5.412674513624035339e-10	1.045858321148335089e-11	-2.768076496112597751e-10	7.072684001169451258e-10	1.178147087132043607e-09	1.490456807473657126e-09	1.722488775120791879e-09	1.367567411853799749e-09
-8.999999999999999320e-03	2.388996463660949055e-09	1.392073757973267428e-09	1.117686184693690426e-09	1.106697878888434466e-09	9.396315786526958676e-10	4.289476959452136216e-10	-1.018611722057065469e-10	-3.891274050284496874e-10	5.949486446997551100e-10	1.065827331714853487e-09	1.378137052056467214e-09	1.610169019703601966e-09	1.255247656436609837e-09
-8.000000000000000167e-03	2.035416185322371157e-09	1.038493479634689322e-09	7.641059063551125277e-10	7.531176005498563603e-10	5.860513003141176588e-10	7.536741760663556795e-11	-4.554414505442846135e-10	-7.427076833670277411e-10	2.413683663611770047e-10	7.122470533762754854e-10	1.024556773717889109e-09	1.256588741365024068e-09	9.016673780980317317e-10
-7.000000000000000146e-03	1.704491749014079823e-09	7.075690433263981955e-10	4.331814700468214010e-10	4.221931642415653370e-10	2.551268640058265321e-10	-2.555570187016555070e-10	-7.863658868525757402e-10	-1.073632119675318868e-09	-8.955606994711407031e-11	3.813226170679844621e-10	6.936323374095979820e-10	9.256643050567327342e-10	5.707429417897407084e-10
-6.000000000000000125e-03	1.532405477204033382e-09	5.354827715163516506e-10	2.610951982367749078e-10	2.501068924315187921e-10	8.304059219577998719e-11	-4.276432905117020520e-10	-9.584521586626222851e-10	-1.245718391485365516e-09	-2.616423417571606153e-10	2.092363452579378913e-10	5.215460655995514371e-10	7.535780332466862926e-10	3.986566699796941118e-10
-5.000000000000000104e-03	1.389629304784188985e-09	3.927065990965074091e-10	1.183190258169305629e-10	1.073307200116744730e-10	-5.973558022406430599e-11	-5.704194629315463452e-10	-1.101228331082466682e-09	-1.388494563905209706e-09	-4.044185141770049084e-10	6.646017283809359817e-11	3.787698931797071956e-10	6.108018608268419995e-10	2.558804975598498186e-10
-4.000000000000000083e-03	1.408354412174598274e-09	4.114317064869164915e-10	1.370441332073397229e-10	1.260558274020836072e-10	-4.101047283365515895e-11	-5.516943555411372628e-10	-1.082503223692057392e-09	-1.369769456514800624e-09	-3.856934067865957226e-10	8.518528022850274521e-11	3.974950005701162263e-10	6.295269682172510819e-10	2.746056049502590044e-10
-3.000000000000000062e-03	1.348396530394799727e-09	3.514738247071180992e-10	7.708625142754125297e-11	6.609794562228513728e-11	-1.009683546134536288e-10	-6.116522373209357068e-10	-1.142461105471855940e-09	-1.429727338294598964e-09	-4.456512885663942184e-10	2.522739844870426886e-11	3.375371187903178857e-10	5.695690864374526378e-10	2.146477231704605087e-10
-2.000000000000000042e-03	1.127365227726559491e-09	1.304425220388776303e-10	-1.439450512406991642e-10	-1.549333570459553057e-10	-3.219996572816940589e-10	-8.326835399891760464e-10	-1.363492408140096176e-09	-1.650758640962839407e-09	-6.666825912346346614e-10	-1.958039042195361548e-10	1.165058161220773910e-10	3.485377837692121948e-10	-6.383579497779914951e-12
-1.000000000000000021e-03	1.043843823091516447e-09	4.692111740383478672e-11	-2.274664558757420272e-10	-2.384547616809980912e-10	-4.055210619167368961e-10	-9.162049446242190903e-10	-1.447013812775139427e-09	-1.734280045597882244e-09	-7.502039958696774985e-10	-2.793253088545790178e-10	3.298441148703453446e-11	2.650163791341693577e-10	-8.990498413282275856e-11
0.000000000000000000e+00	8.942655523822034250e-10	-1.026571533054782287e-10	-3.770447265850550491e-10	-3.880330323903111648e-10	-5.550993326260498663e-10	-1.065783215333532009e-09	-1.596592083484452139e-09	-1.883858316307195370e-09	-8.997822665789905204e-10	-4.289035795638919880e-10	-1.165938592222784680e-10	1.154381084248563487e-10	-2.394832548421357934e-10
1.000000000000000021e-03	7.508876967777396064e-10	-2.460350089099420215e-10	-5.204225821895188160e-10	-5.314108879947748800e-10	-6.984771882305137882e-10	-1.209161070937995931e-09	-1.739969939088916061e-09	-2.027236171911659292e-09	-1.043160122183454132e-09	-5.722814351683558582e-10	-2.599717148267422866e-10	-2.793974717960746988e-11	-3.828611104465995603e-10
2.000000000000000042e-03	5.185458835649093673e-10	-4.783768221227723639e-10	-7.527643954023491585e-10	-7.637527012076053258e-10	-9.308190014433441307e-10	-1.441502884150826067e-09	-1.972311752301746196e-09	-2.259577985124489220e-09	-1.275501935396284681e-09	-8.046232483811862007e-10	-4.923135280395725774e-10	-2.602815603924378253e-10	-6.152029236594298511e-10
3.000000000000000062e-03	1.881342394080855212e-10	-8.087884662795961325e-10	-1.083176039559173030e-09	-1.094164345364429198e-09	-1.261230645600168003e-09	-1.771914528307649732e-09	-2.302723396458570068e-09	-2.589989629281313506e-09	-1.605913579553108553e-09	-1.135034892538009969e-09	-8.227251721963964494e-10	-5.906932045492615938e-10	-9.456145678162536196e-10
4.000000000000000083e-03	-7.802799604837219829e-11	-1.074950701736053904e-09	-1.349338275015630698e-09	-1.360326580820886659e-09	-1.527392881056625464e-09	-2.038076763764107813e-09	-2.568885631915027736e-09	-2.856151864737770760e-09	-1.872075815009566428e-09	-1.401197127994467637e-09	-1.088887407652854324e-09	-8.568554400057192616e-10	-1.211776803272711287e-09
5.000000000000000104e-03	-2.918979958011710111e-10	-1.288820701488852639e-09	-1.563208274768429433e-09	-1.574196580573685601e-09	-1.741262880809424406e-09	-2.251946763516906342e-09	-2.782755631667826678e-09	-3.070021864490569702e-09	-2.085945814762364956e-09	-1.615067127747266579e-09	-1.302757407405653059e-09	-1.070725439758518100e-09	-1.425646803025510229e-09
6.000000000000000125e-03	-5.512785230162180541e-10	-1.548201228703899785e-09	-1.822588801983476373e-09	-1.833577107788732954e-09	-2.000643408024471345e-09	-2.511327290731953488e-09	-3.042136158882873411e-09	-3.329402391705617262e-09	-2.345326341977412103e-09	-1.874447654962313519e-09	-1.562137934620699999e-09	-1.330105966973565247e-09	-1.685027330240557376e-09
7.000000000000000146e-03	-6.155057641613587294e-10	-1.612428469849040564e-09	-1.886816043128617152e-09	-1.897804348933873319e-09	-2.064870649169611917e-09	-2.575554531877094060e-09	-3.106363400028014396e-09	-3.393629632850757421e-09	-2.409553583122553088e-09	-1.938674896107454504e-09	-1.626365175765840778e-09	-1.394333208118705819e-09	-1.749254571385697948e-09
8.000000000000000167e-03	-4.064727836917523832e-10	-1.403395489379434114e-09	-1.677783062659010702e-09	-1.688771368464266870e-09	-1.855837668700005674e-09	-2.366521551407487817e-09	-2.897330419558407740e-09	-3.184596652381151178e-09	-2.200520602652946846e-09	-1.729641915637847848e-09	-1.417332195296234535e-09	-1.185300227649099576e-09	-1.540221590916091705e-09
8.999999999999999320e-03	-4.881894778196871558e-10	-1.485112183507368680e-09	-1.759499756786945475e-09	-1.770488062592201849e-09	-1.937554362827940447e-09	-2.448238245535422590e-09	-2.979047113686342513e-09	-3.266313346509085950e-09	-2.282237296780881205e-09	-1.811358609765782827e-09	-1.499048889424169101e-09	-1.267016921777034348e-09	-1.621938285044026478e-09
1.000000000000000021e-02	-9.962944808158281592e-10	-1.993217186503509994e-09	-2.267604759783086788e-09	-2.278593065588342956e-09	-2.445659365824081140e-09	-2.956343248531563696e-09	-3.487152116682484033e-09	-3.774418349505226644e-09	-2.790342299777022311e-09	-2.319463612761924141e-09	-2.007153892420310001e-09	-1.775121924773175042e-09	-2.130043288040167378e-09
1.099999999999999936e-02	-1.218225446145598119e-09	-2.215148151833279954e-09	-2.489535725112856335e-09	-2.500524030918113329e-09	-2.667590331153851514e-09	-3.178274213861333656e-09	-3.709083082012254406e-09	-3.996349314834997431e-09	-3.012273265106792685e-09	-2.541394578091693274e-09	-2.229084857750080374e-09	-1.997052890102945622e-09	-2.351974253369937751e-09
1.200000000000000025e-02	-1.099797197936018733e-09	-2.096719903623700567e-09	-2.371107476903277362e-09	-2.382095782708533529e-09	-2.549162082944272127e-09	-3.059845965651754270e-09	-3.590654833802674606e-09	-3.877921066625417631e-09	-2.893845016897212885e-09	-2.422966329882114714e-09	-2.110656609540500574e-09	-1.878624641893365822e-09	-2.233546005160357951e-09
1.299999999999999940e-02	-1.147356295685473400e-09	-2.144279001373155028e-09	-2.418666574652731823e-09	-2.429654880457987990e-09	-2.596721180693727002e-09	-3.107405063401209144e-09	-3.638213931552128654e-09	-3.925480164374872505e-09	-2.941404114646667346e-09	-2.470525427631568762e-09	-2.158215707289955448e-09	-1.926183739642820696e-09	-2.281105102909812825e-09
1.400000000000000029e-02	-1.307099984053402218e-09	-2.304022689741084052e-09	-2.578410263020660433e-09	-2.589398568825917014e-09	-2.756464869061655612e-09	-3.267148751769137755e-09	-3.797957619920057678e-09	-4.085223852742801115e-09	-3.101147803014596370e-09	-2.630269115999497372e-09	-2.317959395657884059e-09	-2.085927428010749307e-09	-2.440848791277741849e-09
1.499999999999999944e-02	-1.417025880727409464e-09	-2.413948586415091092e-09	-2.688336159694667887e-09	-2.699324465499924054e-09	-2.866390765735663066e-09	-3.377074648443144795e-09	-3.907883516594064718e-09	-4.195149749416808155e-09	-3.211073699688603410e-09	-2.740195012673505239e-09	-2.427885292331891926e-09	-2.195853324684756347e-09	-2.550774687951748889e-09
1.600000000000000033e-02	-1.573447087642322920e-09	-2.570369793330004755e-09	-2.844757366609581136e-09	-2.855745672414837717e-09	-3.022811972650576315e-09	-3.533495855358058457e-09	-4.064304723508977967e-09	-4.351570956331722232e-09	-3.367494906603517072e-09	-2.896616219588418074e-09	-2.584306499246805175e-09	-2.352274531599670423e-09	-2.707195894866662138e-09
1.700000000000000122e-02	-1.611568192474052597e-09	-2.608490898161734018e-09	-2.882878471441310812e-09	-2.893866777246566980e-09	-3.060933077482305991e-09	-3.571616960189787720e-09	-4.102425828340708471e-09	-4.389692061163451908e-09	-3.405616011435246749e-09	-2.934737324420147751e-09	-2.622427604078534438e-09	-2.390395636431399686e-09	-2.745316999698391815e-09
1.799999999999999864e-02	-1.746557241970922547e-09	-2.743479947658604588e-09	-3.017867520938180555e-09	-3.028855826743437550e-09	-3.195922126979175734e-09	-3.706606009686658291e-09	-4.237414877837577386e-09	-4.524681110660321651e-09	-3.540605060932116492e-09	-3.069726373917017494e-09	-2.757416653575404595e-09	-2.525384685928269843e-09	-2.880306049195261972e-09
1.899999999999999953e-02	-1.969613559546637529e-09	-2.966536265234319777e-09	-3.240923838513896158e-09	-3.251912144319152739e-09	-3.418978444554891337e-09	-3.929662327262373480e-09	-4.460471195413292989e-09	-4.747737428236037254e-09	-3.763661378507832095e-09	-3.292782691492733511e-09	-2.980472971151119784e-09	-2.748441003503985032e-09	-3.103362366770977161e-09
2.000000000000000042e-02	-2.287953571148951104e-09	-3.284876276836632525e-09	-3.559263850116209320e-09	-3.570252155921465074e-09	-3.737318456157203672e-09	-4.248002338864686642e-09	-4.778811207015606978e-09	-5.066077439838349589e-09	-4.082001390110145257e-09	-3.611122703095046259e-09	-3.298812982753432946e-09	-3.066781015106298194e-09	-3.421702378373289909e-09
2.100000000000000130e-02	-2.337938044631951540e-09	-3.334860750319632548e-09	-3.609248323599209756e-09	-3.620236629404465096e-09	-3.787302929640204108e-09	-4.297986812347687077e-09	-4.828795680498606587e-09	-5.116061913321350024e-09	-4.131985863593144865e-09	-3.661107176578046281e-09	-3.348797456236433381e-09	-3.116765488589298216e-09	-3.471686851856290758e-09
2.199999999999999872e-02	-2.451064915588826955e-09	-3.447987621276507962e-09	-3.722375194556085171e-09	-3.733363500361340924e-09	-3.900429800597080350e-09	-4.411113683304562492e-09	-4.941922551455482002e-09	-5.229188784278225439e-09	-4.245112734550020280e-09	-3.774234047534922109e-09	-3.461924327193308796e-09	-3.229892359546173631e-09	-3.584813722813166173e-09
2.299999999999999961e-02	-2.621942266399800324e-09	-3.618864972087482573e-09	-3.893252545367058954e-09	-3.904240851172315535e-09	-4.071307151408053306e-09	-4.581991034115536275e-09	-5.112799902266455785e-09	-5.400066135089199222e-09	-4.415990085360994890e-09	-3.945111398345895892e-09	-3.632801678004281752e-09	-3.400769710357147827e-09	-3.755691073624139956e-09
2.400000000000000050e-02	-2.878224818236284236e-09	-3.875147523923965657e-09	-4.149535097203542038e-09	-4.160523403008798619e-09	-4.327589703244537217e-09	-4.838273585952019359e-09	-5.369082454102939696e-09	-5.656348686925682307e-09	-4.672272637197477974e-09	-4.201393950182378977e-09	-3.889084229840766077e-09	-3.657052262193631325e-09	-4.011973625460623868e-09
2.500000000000000139e-02	-3.103777801348248905e-09	-4.100700507035929912e-09	-4.375088080315507948e-09	-4.386076386120762874e-09	-4.553142686356502299e-09	-5.063826569063983615e-09	-5.594635437214904779e-09	-5.881901670037647389e-09	-4.897825620309442230e-09	-4.426946933294344059e-09	-4.114637212952730333e-09	-3.882605245305595994e-09	-4.237526608572588123e-09
2.599999999999999881e-02	-3.145152492845499414e-09	-4.142075198533180421e-09	-4.416462771812758456e-09	-4.427451077618013383e-09	-4.594517377853752808e-09	-5.105201260561234124e-09	-5.636010128712155287e-09	-5.923276361534898725e-09	-4.939200311806692739e-09	-4.468321624791594568e-09	-4.156011904449980841e-09	-3.923979936802846503e-09	-4.278901300069838632e-09
2.699999999999999969e-02	-3.272773555798921927e-09	-4.269696261486604176e-09	-4.544083834766180557e-09	-4.555072140571436310e-09	-4.722138440807175736e-09	-5.232822323514657051e-09	-5.763631191665576560e-09	-6.050897424488320825e-09	-5.066821374760115666e-09	-4.595942687745016668e-09	-4.283632967403403769e-09	-4.051600999756269430e-09	-4.406522363023261559e-09
2.800000000000000058e-02	-3.493953951323115026e-09	-4.490876657010796447e-09	-4.765264230290373655e-09	-4.776252536095629409e-09	-4.943318836331368834e-09	-5.454002719038850150e-09	-5.984811587189770486e-09	-6.272077820012513097e-09	-5.288001770284308765e-09	-4.817123083269209767e-09	-4.504813362927596040e-09	-4.272781395280462529e-09	-4.627702758547453831e-09
2.900000000000000147e-02	-3.452130119444979869e-09	-4.449052825132662117e-09	-4.723440398412238498e-09	-4.734428704217494252e-09	-4.901495004453233677e-09	-5.412178887160714993e-09	-5.942987755311635329e-09	-6.230253988134378767e-09	-5.246177938406173608e-09	-4.775299251391074610e-09	-4.462989531049461710e-09	-4.230957563402327372e-09	-4.585878926669318674e-09
2.999999999999999889e-02	-3.235369419304704720e-09	-4.232292124992386141e-09	-4.506679698271963349e-09	-4.517668004077218276e-09	-4.684734304312957701e-09	-5.195418187020439843e-09	-5.726227055171359353e-09	-6.013493287994103618e-09	-5.029417238265897631e-09	-4.558538551250800288e-09	-4.246228830909185734e-09	-4.014196863262051395e-09	-4.369118226529043525e-09
3.099999999999999978e-02	-3.181650698683049350e-09	-4.178573404370730771e-09	-4.452960977650308806e-09	-4.463949283455563733e-09	-4.631015583691303158e-09	-5.141699466398784474e-09	-5.672508334549704810e-09	-5.959774567372449075e-09	-4.975698517644243089e-09	-4.504819830629144918e-09	-4.192510110287531191e-09	-3.960478142640396853e-09	-4.315399505907388982e-09
3.200000000000000067e-02	-2.944399025995377436e-09	-3.941321731683058443e-09	-4.215709304962635651e-09	-4.226697610767891405e-09	-4.393763911003630830e-09	-4.904447793711112973e-09	-5.435256661862033309e-09	-5.722522894684775920e-09	-4.738446844956571588e-09	-4.267568157941472590e-09	-3.955258437599859691e-09	-3.723226469952724938e-09	-4.078147833219717481e-09
3.300000000000000155e-02	-2.666309555309902649e-09	-3.663232260997583656e-09	-3.937619834277160864e-09	-3.948608140082417445e-09	-4.115674440318155216e-09	-4.626358323025638186e-09	-5.157167191176558523e-09	-5.444433423999301133e-09	-4.460357374271096801e-09	-3.989478687255997803e-09	-3.677168966914384077e-09	-3.445136999267249738e-09	-3.800058362534241867e-09
3.400000000000000244e-02	-2.593791337658830472e-09	-3.590714043346511479e-09	-3.865101616626089101e-09	-3.876089922431344855e-09	-4.043156222667083453e-09	-4.553840105374566423e-09	-5.084648973525486759e-09	-5.371915206348229370e-09	-4.387839156620023383e-09	-3.916960469604926040e-09	-3.604650749263311900e-09	-3.372618781616177561e-09	-3.727540144883170104e-09
3.500000000000000333e-02	-2.510532876466375023e-09	-3.507455582154056030e-09	-3.781843155433633652e-09	-3.792831461238889405e-09	-3.959897761474628004e-09	-4.470581644182110146e-09	-5.001390512333030483e-09	-5.288656745155773921e-09	-4.304580695427567934e-09	-3.833702008412470591e-09	-3.521392288070856450e-09	-3.289360320423722112e-09	-3.644281683690713827e-09
3.599999999999999728e-02	-2.332111205612828354e-09	-3.329033911300510188e-09	-3.603421484580087396e-09	-3.614409790385342737e-09	-3.781476090621081748e-09	-4.292159973328563891e-09	-4.822968841479483400e-09	-5.110235074302226838e-09	-4.126159024574022506e-09	-3.655280337558923508e-09	-3.342970617217310195e-09	-3.110938649570175443e-09	-3.465860012837167572e-09
3.699999999999999817e-02	-2.024643280840697862e-09	-3.021565986528379283e-09	-3.295953559807956077e-09	-3.306941865613212245e-09	-3.474008165848950843e-09	-3.984692048556433399e-09	-4.515500916707353736e-09	-4.802767149530096346e-09	-3.818691099801891187e-09	-3.347812412786793016e-09	-3.035502692445179703e-09	-2.803470724798044951e-09	-3.158392088065037080e-09
3.799999999999999906e-02	-1.917317352993525418e-09	-2.914240058681206839e-09	-3.188627631960783634e-09	-3.199615937766040215e-09	-3.366682238001778813e-09	-3.877366120709261369e-09	-4.408174988860181705e-09	-4.695441221682924316e-09	-3.711365171954719157e-09	-3.240486484939620986e-09	-2.928176764598007673e-09	-2.696144796950872094e-09	-3.051066160217865050e-09
3.899999999999999994e-02	-1.814698325175076533e-09	-2.811621030862758161e-09	-3.086008604142334955e-09	-3.096996909947591123e-09	-3.264063210183330134e-09	-3.774747092890811450e-09	-4.305555961041731786e-09	-4.592822193864476051e-09	-3.608746144136270892e-09	-3.137867457121172308e-09	-2.825557736779558995e-09	-2.593525769132423415e-09	-2.948447132399415958e-09
4.000000000000000083e-02	-1.750330598197881858e-09	-2.747253303885563692e-09	-3.021640877165140487e-09	-3.032629182970396654e-09	-3.199695483206135666e-09	-3.710379365913617809e-09	-4.241188234064537732e-09	-4.528454466887280342e-09	-3.544378417159076010e-09	-3.073499730143977839e-09	-2.761190009802364113e-09	-2.529158042155228947e-09	-2.884079405422221490e-09
4.100000000000000172e-02	-1.658186864370047610e-09	-2.655109570057729651e-09	-2.929497143337306446e-09	-2.940485449142562613e-09	-3.107551749378300798e-09	-3.618235632085783768e-09	-4.149044500236703277e-09	-4.436310733059446715e-09	-3.452234683331241969e-09	-2.981355996316143385e-09	-2.669046275974529658e-09	-2.437014308327394492e-09	-2.791935671594387035e-09
4.200000000000000261e-02	-1.648143556931775758e-09	-2.645066262619457386e-09	-2.919453835899034181e-09	-2.930442141704290348e-09	-3.097508441940028946e-09	-3.608192324647510675e-09	-4.139001192798431839e-09	-4.426267425621174450e-09	-3.442191375892969704e-09	-2.971312688877871533e-09	-2.659002968536257806e-09	-2.426971000889122641e-09	-2.781892364156115184e-09
4.299999999999999656e-02	-1.452533729672912125e-09	-2.449456435360593959e-09	-2.723844008640170754e-09	-2.734832314445426921e-09	-2.901898614681165519e-09	-3.412582497388647662e-09	-3.943391365539567998e-09	-4.230657598362310609e-09	-3.246581548634106277e-09	-2.775702861619008106e-09	-2.463393141277393966e-09	-2.231361173630259214e-09	-2.586282536897251757e-09
4.399999999999999745e-02	-8.617755635178109275e-10	-1.858698269205492555e-09	-2.133085842485069143e-09	-2.144074148290325724e-09	-2.311140448526064322e-09	-2.821824331233546465e-09	-3.352633199384466801e-09	-3.639899432207209825e-09	-2.655823382479005080e-09	-2.184944695463906082e-09	-1.872634975122292769e-09	-1.640603007475158017e-09	-1.995524370742150146e-09
4.499999999999999833e-02	-5.425761879569739923e-10	-1.539498893644655724e-09	-1.813886466924232518e-09	-1.824874772729488685e-09	-1.991941072965227490e-09	-2.502624955672709219e-09	-3.033433823823629969e-09	-3.320700056646372580e-09	-2.336624006918168248e-09	-1.865745319903069664e-09	-1.553435599561456144e-09	-1.321403631914321185e-09	-1.676324995181313107e-09
4.599999999999999922e-02	-3.217719811933104973e-10	-1.318694686880992177e-09	-1.593082260160568971e-09	-1.604070565965824932e-09	-1.771136866201563737e-09	-2.281820748909045673e-09	-2.812629617059966423e-09	-3.099895849882709033e-09	-2.115819800154504701e-09	-1.644941113139406117e-09	-1.332631392797792597e-09	-1.100599425150657638e-09	-1.455520788417649561e-09
4.700000000000000011e-02	-7.380681275677638494e-11	-1.070729518444457922e-09	-1.345117091724034924e-09	-1.356105397529291091e-09	-1.523171697765029896e-09	-2.033855580472512038e-09	-2.564664448623431961e-09	-2.851930681446174986e-09	-1.867854631717970240e-09	-1.396975944702871862e-09	-1.084666224361258136e-09	-8.526342567141234871e-10	-1.207555619981115720e-09
4.800000000000000100e-02	6.320331698664460761e-11	-9.337193887010370590e-10	-1.208106961980613647e-09	-1.219095267785870021e-09	-1.386161568021608826e-09	-1.896845450729090968e-09	-2.427654318880010891e-09	-2.714920551702754329e-09	-1.730844501974549377e-09	-1.259965814959450792e-09	-9.476560946178374793e-10	-7.156241269707025204e-10	-1.070545490237694650e-09
4.900000000000000189e-02	-1.390803664289329209e-10	-1.136003072116614600e-09	-1.410390645396191395e-09	-1.421378951201447562e-09	-1.588445251437186367e-09	-2.099129134144668717e-09	-2.629938002295588640e-09	-2.917204235118331250e-09	-1.933128185390126918e-09	-1.462249498375028334e-09	-1.149939778033414814e-09	-9.179078103862800618e-10	-1.272829173653271984e-09
5.000000000000000278e-02	-2.892673312740643923e-10	-1.286190036961746020e-09	-1.560577610241322815e-09	-1.571565916046578982e-09	-1.738632216282317787e-09	-2.249316098989799723e-09	-2.780124967140720059e-09	-3.067391199963463083e-09	-2.083315150235258338e-09	-1.612436463220159754e-09	-1.300126742878546440e-09	-1.068094775231411481e-09	-1.423016138498403611e-09
5.099999999999999672e-02	-5.404544552132700371e-10	-1.537377160900951768e-09	-1.811764734180528356e-09	-1.822753039985784730e-09	-1.989819340221523535e-09	-2.500503222929005678e-09	-3.031312091079925601e-09	-3.318578323902668625e-09	-2.334502274174463879e-09	-1.863623587159365708e-09	-1.551313866817751982e-09	-1.319281899170617023e-09	-1.674203262437609152e-09
5.199999999999999761e-02	-5.547338193669314465e-10	-1.551656525054613074e-09	-1.826044098334189869e-09	-1.837032404139446243e-09	-2.004098704375184634e-09	-2.514782587082666777e-09	-3.045591455233587113e-09	-3.332857688056330138e-09	-2.348781638328125805e-09	-1.877902951313027221e-09	-1.565593230971413495e-09	-1.333561263324278536e-09	-1.688482626591270665e-09
5.299999999999999850e-02	-3.479030392831165347e-10	-1.344825744970798214e-09	-1.619213318250374802e-09	-1.630201624055630969e-09	-1.797267924291369774e-09	-2.307951806998851917e-09	-2.838760675149771840e-09	-3.126026907972515278e-09	-2.141950858244310945e-09	-1.671072171229211948e-09	-1.358762450887598635e-09	-1.126730483240463676e-09	-1.481651846507455598e-09
5.399999999999999939e-02	-2.868389736294465607e-10	-1.283761679317128240e-09	-1.558149252596705035e-09	-1.569137558401961202e-09	-1.736203858637700007e-09	-2.246887741345181943e-09	-2.777696609496102279e-09	-3.064962842318845304e-09	-2.080886792590640558e-09	-1.610008105575541974e-09	-1.297698385233928454e-09	-1.065666417586793702e-09	-1.420587780853785831e-09
5.500000000000000028e-02	-1.397829997611327095e-10	-1.136705705448814441e-09	-1.411093278728391235e-09	-1.422081584533647196e-09	-1.589147884769386001e-09	-2.099831767476868350e-09	-2.630640635627788273e-09	-2.917906868450531297e-09	-1.933830818722326552e-09	-1.462952131707228174e-09	-1.150642411365614654e-09	-9.186104437184799021e-10	-1.273531806985472031e-09
5.600000000000000117e-02	-1.838369281254543661e-10	-1.180759633813136123e-09	-1.455147207092712711e-09	-1.466135512897968878e-09	-1.633201813133707683e-09	-2.143885695841189826e-09	-2.674694563992110162e-09	-2.961960796814853187e-09	-1.977884747086648441e-09	-1.507006060071549857e-09	-1.194696339729936544e-09	-9.626643720828015846e-10	-1.317585735349793507e-09
5.700000000000000205e-02	-2.059184246054086497e-10	-1.202841130293090381e-09	-1.477228703572666969e-09	-1.488217009377923136e-09	-1.655283309613661941e-09	-2.165967192321144290e-09	-2.696776060472064213e-09	-2.984042293294807237e-09	-1.999966243566602905e-09	-1.529087556551504114e-09	-1.216777836209890801e-09	-9.847458685627558423e-10	-1.339667231829747765e-09
5.800000000000000294e-02	-2.954967741461288735e-10	-1.292419479833810450e-09	-1.566807053113387244e-09	-1.577795358918643412e-09	-1.744861659154382216e-09	-2.255545541861864152e-09	-2.786354410012784489e-09	-3.073620642835527927e-09	-2.089544593107322767e-09	-1.618665906092224390e-09	-1.306356185750610870e-09	-1.074324218103476118e-09	-1.429245581370468247e-09
5.899999999999999689e-02	-4.151298088048317282e-10	-1.412052514492513356e-09	-1.686440087772090151e-09	-1.697428393577346318e-09	-1.864494693813085123e-09	-2.375178576520567265e-09	-2.905987444671487602e-09	-3.193253677494230213e-09	-2.209177627766025880e-09	-1.738298940750927296e-09	-1.425989220409313776e-09	-1.193957252762178817e-09	-1.548878616029170947e-09
5.999999999999999778e-02	-3.992539304439700892e-10	-1.396176636131651769e-09	-1.670564209411228356e-09	-1.681552515216484524e-09	-1.848618815452223329e-09	-2.359302698159705471e-09	-2.890111566310625394e-09	-3.177377799133368419e-09	-2.193301749405164500e-09	-1.722423062390065502e-09	-1.410113342048452189e-09	-1.178081374401317230e-09	-1.533002737668309359e-09
6.099999999999999867e-02	-2.566003646033871059e-10	-1.253523070291068785e-09	-1.527910643570645373e-09	-1.538898949375901747e-09	-1.705965249611640552e-09	-2.216649132319122695e-09	-2.747458000470042618e-09	-3.034724233292785642e-09	-2.050648183564581310e-09	-1.579769496549482519e-09	-1.267459776207869206e-09	-1.035427808560734247e-09	-1.390349171827726376e-09
6.199999999999999956e-02	-1.265021115657114186e-10	-1.123424817253393098e-09	-1.397812390532969893e-09	-1.408800696338225853e-09	-1.575866996573964658e-09	-2.086550879281447008e-09	-2.617359747432366930e-09	-2.904625980255110368e-09	-1.920549930526905623e-09	-1.449671243511806832e-09	-1.137361523170193518e-09	-9.053295555230585595e-10	-1.260250918790050482e-09
6.300000000000000044e-02	-8.795735534005032190e-11	-1.084880061027731937e-09	-1.359267634307308938e-09	-1.370255940112564899e-09	-1.537322240348303704e-09	-2.048006123055785433e-09	-2.578814991206706183e-09	-2.866081224029449207e-09	-1.882005174301244048e-09	-1.411126487286145670e-09	-1.098816766944532150e-09	-8.667847992973973982e-10	-1.221706162564389527e-09
6.400000000000000133e-02	1.469576053613823974e-10	-8.499651003262992821e-10	-1.124352673605876180e-09	-1.135340979411132141e-09	-1.302407279646870946e-09	-1.813091162354353295e-09	-2.343900030505273011e-09	-2.631166263328016449e-09	-1.647090213599811703e-09	-1.176211526584713119e-09	-8.639018062430994956e-10	-6.318698385959646401e-10	-9.867912018629567692e-10
6.500000000000000222e-02	-2.589463706458246429e-11	-1.022817342752264124e-09	-1.297204916031840919e-09	-1.308193221837096880e-09	-1.475259522072835891e-09	-1.985943404780317827e-09	-2.516752272931238164e-09	-2.804018505753981188e-09	-1.819942456025776649e-09	-1.349063769010678065e-09	-1.036754048669064545e-09	-8.047220810219294824e-10	-1.159643444288921508e-09
6.600000000000000311e-02	-9.418214905027220984e-11	-1.091104854737953838e-09	-1.365492428017530839e-09	-1.376480733822786800e-09	-1.543547034058525604e-09	-2.054230916766007747e-09	-2.585039784916928084e-09	-2.872306017739670694e-09	-1.888229968011465948e-09	-1.417351280996367571e-09	-1.105041560654754051e-09	-8.730095930076192990e-10	-1.227930956274611428e-09
6.700000000000000400e-02	-6.901898465992852436e-11	-1.065941690347610062e-09	-1.340329263627187063e-09	-1.351317569432443024e-09	-1.518383869668181829e-09	-2.029067752375664385e-09	-2.559876620526583894e-09	-2.847142853349326918e-09	-1.863066803621122586e-09	-1.392188116606024002e-09	-1.079878396264410482e-09	-8.478464286172756265e-10	-1.202767791884267859e-09
6.800000000000000488e-02	-1.903673446147992010e-10	-1.187290050302480881e-09	-1.461677623582057675e-09	-1.472665929387313636e-09	-1.639732229623052441e-09	-2.150416112330534997e-09	-2.681224980481454506e-09	-2.968491213304198357e-09	-1.984415163575993198e-09	-1.513536476560894614e-09	-1.201226756219281094e-09	-9.691947885721463419e-10	-1.324116151839138471e-09
6.900000000000000577e-02	-2.332044801334755514e-10	-1.230127185821157231e-09	-1.504514759100733819e-09	-1.515503064905989986e-09	-1.682569365141728791e-09	-2.193253247849210727e-09	-2.724062116000131063e-09	-3.011328348822874501e-09	-2.027252299094669755e-09	-1.556373612079570964e-09	-1.244063891737957651e-09	-1.012031924090822692e-09	-1.366953287357814821e-09
7.000000000000000666e-02	-2.899475664070369371e-10	-1.286870272094718772e-09	-1.561257845374295359e-09	-1.572246151179551527e-09	-1.739312451415290332e-09	-2.249996334122772268e-09	-2.780805202273692604e-09	-3.068071435096435628e-09	-2.083995385368230882e-09	-1.613116698353132298e-09	-1.300806978011518985e-09	-1.068775010364384026e-09	-1.423696373631376155e-09
7.099999999999999367e-02	-2.412973125760891967e-10	-1.238220018263770825e-09	-1.512607591543347619e-09	-1.523595897348603786e-09	-1.690662197584342591e-09	-2.201346080291824734e-09	-2.732154948442745070e-09	-3.019421181265487681e-09	-2.035345131537283349e-09	-1.564466444522184558e-09	-1.252156724180571038e-09	-1.020124756533436286e-09	-1.375046119800428415e-09
7.199999999999999456e-02	-2.924573612308053232e-10	-1.289380066918486951e-09	-1.563767640198063746e-09	-1.574755946003319913e-09	-1.741822246239058718e-09	-2.252506128946540860e-09	-2.783314997097461197e-09	-3.070581229920203808e-09	-2.086505180191999475e-09	-1.615626493176900891e-09	-1.303316772835287371e-09	-1.071284805188152412e-09	-1.426206168455144542e-09
7.299999999999999545e-02	-4.958243498504273313e-10	-1.492747055538108959e-09	-1.767134628817685754e-09	-1.778122934622942128e-09	-1.945189234858680726e-09	-2.455873117566162455e-09	-2.986681985717083205e-09	-3.273948218539826229e-09	-2.289872168811621484e-09	-1.818993481796522693e-09	-1.506683761454909379e-09	-1.274651793807774421e-09	-1.629573157074766550e-09
7.399999999999999634e-02	-9.244598048027412988e-10	-1.921382510490423030e-09	-2.195770083769999825e-09	-2.206758389575255992e-09	-2.373824689810994590e-09	-2.884508572518476733e-09	-3.415317440669397069e-09	-3.702583673492140093e-09	-2.718507623763935348e-09	-2.247628936748837177e-09	-1.935319216407223037e-09	-1.703287248760088285e-09	-2.058208612027080414e-09
7.499999999999999722e-02	-1.159837160364072755e-09	-2.156759866051754383e-09	-2.431147439331331177e-09	-2.442135745136587345e-09	-2.609202045372325943e-09	-3.119885928079808085e-09	-3.650694796230728422e-09	-3.937961029053471860e-09	-2.953884979325266700e-09	-2.483006292310168116e-09	-2.170696571968554803e-09	-1.938664604321420051e-09	-2.293585967588412180e-09
7.599999999999999811e-02	-1.276077520109587284e-09	-2.273000225797269325e-09	-2.547387799076845706e-09	-2.558376104882102287e-09	-2.725442405117840472e-09	-3.236126287825323028e-09	-3.766935155976242537e-09	-4.054201388798985975e-09	-3.070125339070781643e-09	-2.599246652055682645e-09	-2.286936931714069332e-09	-2.054904964066934993e-09	-2.409826327333926709e-09
7.699999999999999900e-02	-1.167339580663087225e-09	-2.164262286350768853e-09	-2.438649859630345648e-09	-2.449638165435601815e-09	-2.616704465671340827e-09	-3.127388348378822969e-09	-3.658197216529742892e-09	-3.945463449352485917e-09	-2.961387399624281171e-09	-2.490508712609183000e-09	-2.178198992267569273e-09	-1.946167024620434108e-09	-2.301088387887426650e-09
7.799999999999999989e-02	-9.601369298687575893e-10	-1.957059635556439424e-09	-2.231447208836016218e-09	-2.242435514641272386e-09	-2.409501814877010984e-09	-2.920185697584493127e-09	-3.450994565735413049e-09	-3.738260798558156074e-09	-2.754184748829951742e-09	-2.283306061814853571e-09	-1.970996341473239844e-09	-1.738964373826104679e-09	-2.093885737093097221e-09
7.900000000000000078e-02	-8.176785210736925707e-10	-1.814601226761374095e-09	-2.088988800040951096e-09	-2.099977105846207264e-09	-2.267043406081945862e-09	-2.777727288789428005e-09	-3.308536156940347927e-09	-3.595802389763091779e-09	-2.611726340034886620e-09	-2.140847653019787622e-09	-1.828537932678174515e-09	-1.596505965031039763e-09	-1.951427328298032099e-09
8.000000000000000167e-02	-5.811014729955804313e-10	-1.578024178683262162e-09	-1.852411751962838957e-09	-1.863400057768094918e-09	-2.030466358003833516e-09	-2.541150240711315658e-09	-3.071959108862236408e-09	-3.359225341684979019e-09	-2.375149291956774687e-09	-1.904270604941676103e-09	-1.591960884600062376e-09	-1.359928916952927417e-09	-1.714850280219919546e-09
8.100000000000000255e-02	-4.755762994362206657e-10	-1.472499005123902397e-09	-1.746886578403478985e-09	-1.757874884208735566e-09	-1.924941184444474164e-09	-2.435625067151955893e-09	-2.966433935302876229e-09	-3.253700168125619254e-09	-2.269624118397414921e-09	-1.798745431382316337e-09	-1.486435711040702817e-09	-1.254403743393567858e-09	-1.609325106660559987e-09
8.200000000000000344e-02	-5.043283349635305181e-10	-1.501251040651212249e-09	-1.775638613930788837e-09	-1.786626919736045211e-09	-1.953693219971784016e-09	-2.464377102679266159e-09	-2.995185970830186082e-09	-3.282452203652929106e-09	-2.298376153924724774e-09	-1.827497466909625776e-09	-1.515187746568012670e-09	-1.283155778920877711e-09	-1.638077142187869633e-09
8.300000000000000433e-02	-3.601256091808927352e-10	-1.357048314868574260e-09	-1.631435888148151054e-09	-1.642424193953407222e-09	-1.809490494189146026e-09	-2.320174376896627962e-09	-2.850983245047548299e-09	-3.138249477870291323e-09	-2.154173428142086577e-09	-1.683294741126988200e-09	-1.370985020785374680e-09	-1.138953053138239928e-09	-1.493874416405231850e-09
8.400000000000000522e-02	-3.232546047016777103e-10	-1.320177310389359390e-09	-1.594564883668936184e-09	-1.605553189474192145e-09	-1.772619489709931157e-09	-2.283303372417413506e-09	-2.814112240568333429e-09	-3.101378473391076453e-09	-2.117302423662872121e-09	-1.646423736647773330e-09	-1.334114016306159810e-09	-1.102082048659024851e-09	-1.457003411926016774e-09
8.500000000000000611e-02	1.783662689140396930e-12	-9.951390429985413036e-10	-1.269526616278118305e-09	-1.280514922083374059e-09	-1.447581222319113070e-09	-1.958265105026595213e-09	-2.489073973177515136e-09	-2.776340206000258160e-09	-1.792264156272053621e-09	-1.321385469256955244e-09	-1.009075748915341310e-09	-7.770437812682067650e-10	-1.131965144535198687e-09
8.599999999999999312e-02	3.713154275345235370e-10	-6.256072781531580392e-10	-8.999948514327350405e-10	-9.109831572379910011e-10	-1.078049457473729909e-09	-1.588733340181211845e-09	-2.119542208332131768e-09	-2.406808441154875206e-09	-1.422732391426670460e-09	-9.518537044115718760e-10	-6.395439840699584594e-10	-4.075120164228236039e-10	-7.624333796898156297e-10
8.699999999999999400e-02	8.613720617328514311e-10	-1.355506439548302743e-10	-4.099382172344070946e-10	-4.209265230396632103e-10	-5.879928232754019635e-10	-1.098676705982884003e-09	-1.629485574133804132e-09	-1.916751806956547363e-09	-9.326757572283426177e-10	-4.617970702132440852e-10	-1.494873498716305136e-10	8.254461777550430315e-11	-2.723767454914877872e-10
8.799999999999999489e-02	1.331894894908268180e-09	3.349721892205865009e-10	6.058461594100964178e-11	4.959631013575353255e-11	-1.174699900999852400e-10	-6.281538728074672533e-10	-1.158962740958387486e-09	-1.446228973781130511e-09	-4.621529240529258683e-10	8.725762962172659291e-12	3.210354833037862357e-10	5.530674509509209879e-10	1.981460876839288846e-10
8.899999999999999578e-02	1.472793585740930887e-09	4.758708800532491553e-10	2.014833067736724125e-10	1.904950009684162968e-10	2.342870073267751779e-11	-4.872551819748045472e-10	-1.018064050125724780e-09	-1.305330282948467805e-09	-3.212542332202630588e-10	1.496244537948354219e-10	4.619341741364489936e-10	6.939661417835837974e-10	3.390447785165916682e-10
8.999999999999999667e-02	1.557209964206197771e-09	5.602872585185159361e-10	2.858996852389391416e-10	2.749113794336830259e-10	1.078450791979442727e-10	-4.028388035095377665e-10	-9.336476716604578962e-10	-1.220913904483201127e-09	-2.368378547549963298e-10	2.340408322601022027e-10	5.463505526017157226e-10	7.783825202488504747e-10	4.234611569818584490e-10
9.099999999999999756e-02	1.767693991180212937e-09	7.707712854925313088e-10	4.963837122129546177e-10	4.853954064076984503e-10	3.183291061719596454e-10	-1.923547765355223679e-10	-7.231636446864425235e-10	-1.010429877509185755e-09	-2.635382778098092147e-11	4.445248592341175754e-10	7.568345795757310953e-10	9.888665472228658475e-10	6.339451839558738217e-10
9.199999999999999845e-02	1.989249397057296850e-09	9.923266913696150158e-10	7.179391180900384280e-10	7.069508122847822606e-10	5.398845120490435592e-10	2.920062934156148121e-11	-5.016082388093587131e-10	-7.888744716321018408e-10	1.952015780961029309e-10	6.660802651112013858e-10	9.783899854528150091e-10	1.210421953099949968e-09	8.555005898329576320e-10
9.299999999999999933e-02	1.999685031664266440e-09	1.002762325976585433e-09	7.283747526970083281e-10	7.173864468917522641e-10	5.503201466560135626e-10	3.963626394853142649e-11	-4.911726042023888131e-10	-7.784388370251318373e-10	2.056372127030728826e-10	6.765158997181713892e-10	9.888256200597850125e-10	1.220857587706919765e-09	8.659362244399275321e-10
9.400000000000000022e-02	2.136578538525312525e-09	1.139655832837630483e-09	8.652682595580536888e-10	8.542799537527976248e-10	6.872136535170588199e-10	1.765297708095768066e-10	-3.542790973413434007e-10	-6.415453301640864767e-10	3.425307195641182174e-10	8.134094065792167499e-10	1.125719126920830270e-09	1.357751094567965229e-09	1.002829731300972893e-09
9.500000000000000111e-02	2.251094656611396310e-09	1.254171950923714476e-09	9.797843776441378878e-10	9.687960718388817204e-10	8.017297716031430189e-10	2.910458888956609798e-10	-2.397629792552592534e-10	-5.270292120780023810e-10	4.570468376502023648e-10	9.279255246653010523e-10	1.240235245006914469e-09	1.472267212654049428e-09	1.117345849387057092e-09
9.600000000000000200e-02	2.376293521607034744e-09	1.379370815919352909e-09	1.104983242639776115e-09	1.093994936834519741e-09	9.269286365987811425e-10	4.162447538912991033e-10	-1.145641142596210781e-10	-4.018303470823642058e-10	5.822457026458404883e-10	1.053124389660939176e-09	1.365434110002552696e-09	1.597466077649687655e-09	1.242544714382695319e-09
9.700000000000000289e-02	2.715200466817974030e-09	1.718277761130291988e-09	1.443890187850715194e-09	1.432901882045459026e-09	1.265835581809720222e-09	7.551516991022382858e-10	2.243428309513180527e-10	-6.292340187142506203e-11	9.211526478567797742e-10	1.392031334871878255e-09	1.704341055213491775e-09	1.936373022860626527e-09	1.581451659593634398e-09
9.800000000000000377e-02	3.083314685084700255e-09	2.086391979397018420e-09	1.812004406117441832e-09	1.801016100312186079e-09	1.633949800076447274e-09	1.123265917368965131e-09	5.924570492180448979e-10	3.051908163953017186e-10	1.289266866123506723e-09	1.760145553138604893e-09	2.072455273480218413e-09	2.304487241127353579e-09	1.949565877860361036e-09
9.900000000000000466e-02	3.333473223602536942e-09	2.336550517914855108e-09	2.062162944635278313e-09	2.051174638830022146e-09	1.884108338594283548e-09	1.373424455886801405e-09	8.426155877358812755e-10	5.553493549131381479e-10	1.539425404641342997e-09	2.010304091656441374e-09	2.322613811998055101e-09	2.554645779645189440e-09	2.199724416378197724e-09
1.000000000000000056e-01	3.429917135881610170e-09	2.432994430193928335e-09	2.158606856914351541e-09	2.147618551109095373e-09	1.980552250873356361e-09	1.469868368165874633e-09	9.390595000149545028e-10	6.517932671922113751e-10	1.635869316920416224e-09	2.106748003935514602e-09	2.419057724277128328e-09	2.651089691924262667e-09	2.296168328657270951e-09
