0.000000000000000000e+00	-7.499999999999999722e-03	-6.499999999999999702e-03	-5.499999999999999681e-03	-4.499999999999999660e-03	-3.500000000000000073e-03	-2.500000000000000052e-03	-1.500000000000000031e-03	-5.000000000000000104e-04	5.000000000000000104e-04	1.500000000000000031e-03	2.500000000000000052e-03	3.500000000000000073e-03	4.499999999999999660e-03	5.499999999999999681e-03	6.499999999999999702e-03	7.499999999999999722e-03
-8.550000000000000655e-02	2.429170329462490821e-09	3.678573838489312798e-09	4.974127963962027710e-09	5.696413869577275398e-09	6.634305902685084467e-09	7.184535687393118502e-09	7.587911056660142759e-09	6.014543492820023142e-09	3.784117212511166627e-09	2.293389255297153228e-09	3.105960843288092477e-09	3.446947513990387357e-09	4.235500123264961930e-09	4.783613582466761372e-09	4.111787613801080852e-09	4.175920023791797040e-09
-8.450000000000000566e-02	2.441548355914839345e-09	3.690951864941661736e-09	4.986505990414376234e-09	5.708791896029623922e-09	6.646683929137433818e-09	7.196913713845466199e-09	7.600289083112490456e-09	6.026921519272371666e-09	3.796495238963515151e-09	2.305767281749502166e-09	3.118338869740440587e-09	3.459325540442735881e-09	4.247878149717310454e-09	4.795991608919110723e-09	4.124165640253430203e-09	4.188298050244144737e-09
-8.350000000000000477e-02	2.572941064620047508e-09	3.822344573646869485e-09	5.117898699119585224e-09	5.840184604734831258e-09	6.778076637842641981e-09	7.328306422550675189e-09	7.731681791817696964e-09	6.158314227977579002e-09	3.927887947668722486e-09	2.437159990454710329e-09	3.249731578445649163e-09	3.590718249147944458e-09	4.379270858422518616e-09	4.927384317624319713e-09	4.255558348958637539e-09	4.319690758949353727e-09
-8.250000000000000389e-02	3.266454641935831366e-09	4.515858150962652930e-09	5.811412276435367842e-09	6.533698182050615530e-09	7.471590215158424598e-09	8.021819999866457806e-09	8.425195369133482890e-09	6.851827805293363274e-09	4.621401524984506758e-09	3.130673567770493773e-09	3.943245155761432608e-09	4.284231826463727902e-09	5.072784435738302061e-09	5.620897894940102330e-09	4.949071926274421811e-09	5.013204336265137999e-09
-8.150000000000000300e-02	3.970433755283312034e-09	5.219837264310133598e-09	6.515391389782850164e-09	7.237677295398097025e-09	8.175569328505906094e-09	8.725799113213939302e-09	9.129174482480962731e-09	7.555806918640842288e-09	5.325380638331987426e-09	3.834652681117973201e-09	4.647224269108913276e-09	4.988210939811208571e-09	5.776763549085783557e-09	6.324877008287583826e-09	5.653051039621901652e-09	5.717183449612617840e-09
-8.050000000000000211e-02	4.680604426304181667e-09	5.930007935331004058e-09	7.225562060803719797e-09	7.947847966418967485e-09	8.885739999526775726e-09	9.435969784234810588e-09	9.839345153501832364e-09	8.265977589661713574e-09	6.035551309352857886e-09	4.544823352138843660e-09	5.357394940129783736e-09	5.698381610832078203e-09	6.486934220106653189e-09	7.035047679308453458e-09	6.363221710642772112e-09	6.427354120633487472e-09
-7.950000000000000122e-02	5.584105719579791446e-09	6.833509228606613838e-09	8.129063354079327922e-09	8.851349259694575610e-09	9.789241292802387161e-09	1.033947107751041706e-08	1.074284644677744214e-08	9.169478882937323354e-09	6.939052602628466011e-09	5.448324645414453440e-09	6.260896233405392689e-09	6.601882904107687983e-09	7.390435513382263796e-09	7.938548972584064065e-09	7.266723003918381891e-09	7.330855413909096425e-09
-7.850000000000000033e-02	6.170278057363910175e-09	7.419681566390730912e-09	8.715235691863449133e-09	9.437521597478695167e-09	1.037541363058650506e-08	1.092564341529453662e-08	1.132901878456156005e-08	9.755651220721441256e-09	7.525224940412585568e-09	6.034496983198572169e-09	6.847068571189511418e-09	7.188055241891807539e-09	7.976607851166381698e-09	8.524721310368181967e-09	7.852895341702499793e-09	7.917027751693215981e-09
-7.749999999999999944e-02	6.917525864661245015e-09	8.166929373688064924e-09	9.462483499160783145e-09	1.018476940477603083e-08	1.112266143788383907e-08	1.167289122259187063e-08	1.207626659185889571e-08	1.050289902801877527e-08	8.272472747709921234e-09	6.781744790495907008e-09	7.594316378486847084e-09	7.935303049189142378e-09	8.723855658463715710e-09	9.271969117665515979e-09	8.600143148999835460e-09	8.664275558990549993e-09
-7.649999999999999856e-02	7.439921630260438758e-09	8.689325139287259495e-09	9.984879264759976061e-09	1.070716517037522375e-08	1.164505720348303364e-08	1.219528698819106354e-08	1.259866235745808863e-08	1.102529479361796984e-08	8.794868513309114150e-09	7.304140556095100752e-09	8.116712144086040000e-09	8.457698814788335295e-09	9.246251424062910280e-09	9.794364883264710550e-09	9.122538914599028376e-09	9.186671324589744564e-09
-7.549999999999999767e-02	7.264352014059313690e-09	8.513755523086135254e-09	9.809309648558850166e-09	1.053159555417409785e-08	1.146948758728190940e-08	1.201971737198994096e-08	1.242309274125696273e-08	1.084972517741684725e-08	8.619298897107988255e-09	7.128570939893974856e-09	7.941142527884914105e-09	8.282129198587209399e-09	9.070681807861786039e-09	9.618795267063586309e-09	8.946969298397904135e-09	9.011101708388618668e-09
-7.449999999999999678e-02	6.540136015644153099e-09	7.789539524670975491e-09	9.085093650143690403e-09	9.807379555758938090e-09	1.074527158886674799e-08	1.129550137357477954e-08	1.169887674284180297e-08	1.012550917900168418e-08	7.895082898692828492e-09	6.404354941478815093e-09	7.216926529469754342e-09	7.557913200172051290e-09	8.346465809446626276e-09	8.894579268648426546e-09	8.222753299982744372e-09	8.286885709973457251e-09
-7.349999999999999589e-02	6.219805968746548700e-09	7.469209477773368610e-09	8.764763603246085176e-09	9.487049508861332864e-09	1.042494154196914276e-08	1.097517132667717597e-08	1.137854669594419774e-08	9.805179132104082262e-09	7.574752851795223265e-09	6.084024894581209867e-09	6.896596482572149115e-09	7.237583153274443582e-09	8.026135762549021050e-09	8.574249221750821319e-09	7.902423253085139145e-09	7.966555663075852024e-09
-7.249999999999999500e-02	5.173784949401408910e-09	6.423188458428231301e-09	7.718742583900946213e-09	8.441028489516193901e-09	9.378920522624003797e-09	9.929150307332037005e-09	1.033252567659905878e-08	8.759158112758941645e-09	6.528731832450083475e-09	5.038003875236070904e-09	5.850575463227010152e-09	6.191562133929305447e-09	6.980114743203880433e-09	7.528228202405680702e-09	6.856402233739998528e-09	6.920534643730714716e-09
-7.149999999999999412e-02	4.735429943448283324e-09	5.984833452475104888e-09	7.280387577947820628e-09	8.002673483563068315e-09	8.940565516670876557e-09	9.490795301378908110e-09	9.894170670645933195e-09	8.320803106805812751e-09	6.090376826496957889e-09	4.599648869282944491e-09	5.412220457273884567e-09	5.753207127976179861e-09	6.541759737250754020e-09	7.089873196452555116e-09	6.418047227786872942e-09	6.482179637777588303e-09
-7.049999999999999323e-02	4.841730853220650722e-09	6.091134362247473113e-09	7.386688487720188852e-09	8.108974393335435713e-09	9.046866426443245609e-09	9.597096211151278817e-09	1.000047158041830059e-08	8.427104016578183457e-09	6.196677736269326941e-09	4.705949779055313543e-09	5.518521367046252791e-09	5.859508037748547259e-09	6.648060647023122244e-09	7.196174106224922514e-09	6.524348137559241994e-09	6.588480547549956528e-09
-6.950000000000000622e-02	5.019277589238846886e-09	6.268681098265669277e-09	7.564235223738384189e-09	8.286521129353631877e-09	9.224413162461440118e-09	9.774642947169473326e-09	1.017801831643649676e-08	8.604650752596377966e-09	6.374224472287522278e-09	4.883496515073508879e-09	5.696068103064448955e-09	6.037054773766743422e-09	6.825607383041317581e-09	7.373720842243117850e-09	6.701894873577437331e-09	6.766027283568152691e-09
-6.850000000000000533e-02	5.686865719439474074e-09	6.936269228466295638e-09	8.231823353939012205e-09	8.954109259554258238e-09	9.892001292662068134e-09	1.044223107737009969e-08	1.084560644663712312e-08	9.272238882797004328e-09	7.041812602488149467e-09	5.551084645274135241e-09	6.363656233265075317e-09	6.704642903967369784e-09	7.493195513241944770e-09	8.041308972443745039e-09	7.369483003778064519e-09	7.433615413768778226e-09
-6.750000000000000444e-02	5.908228933389889100e-09	7.157632442416709837e-09	8.453186567889427231e-09	9.175472473504674918e-09	1.011336450661248316e-08	1.066359429132051637e-08	1.106696966058753980e-08	9.493602096747421008e-09	7.263175816438564492e-09	5.772447859224551094e-09	6.585019447215490342e-09	6.926006117917784810e-09	7.714558727192359795e-09	8.262672186394160065e-09	7.590846217728479545e-09	7.654978627719194079e-09
-6.650000000000000355e-02	5.753699917701596518e-09	7.003103426728418082e-09	8.298657552201133821e-09	9.020943457816381509e-09	9.958835490924189751e-09	1.050906527563222296e-08	1.091244064489924639e-08	9.339073081059127599e-09	7.108646800750271910e-09	5.617918843536258512e-09	6.430490431527197760e-09	6.771477102229493055e-09	7.560029711504068040e-09	8.108143170705866655e-09	7.436317202040186963e-09	7.500449612030902324e-09
-6.550000000000000266e-02	4.833702453858237476e-09	6.083105962885060694e-09	7.378660088357775606e-09	8.100945993973023294e-09	9.038838027080831535e-09	9.589067811788866397e-09	9.992443181055889827e-09	8.419075617215769383e-09	6.188649336906914522e-09	4.697921379692901951e-09	5.510492967683840372e-09	5.851479638386134839e-09	6.640032247660709825e-09	7.188145706862509267e-09	6.516319738196829575e-09	6.580452148187544108e-09
-6.450000000000000178e-02	3.823333168027996175e-09	5.072736677054818566e-09	6.368290802527533478e-09	7.090576708142781166e-09	8.028468741250590234e-09	8.578698525958625097e-09	8.982073895225648526e-09	7.408706331385528910e-09	5.178280051076672394e-09	3.687552093862659823e-09	4.500123681853598244e-09	4.841110352555893539e-09	5.629662961830467697e-09	6.177776421032267966e-09	5.505950452366587447e-09	5.570082862357302808e-09
-6.350000000000000089e-02	3.409296059466032197e-09	4.658699568492855002e-09	5.954253693965569914e-09	6.676539599580816775e-09	7.614431632688625843e-09	8.164661417396659051e-09	8.568036786663684135e-09	6.994669222823564519e-09	4.764242942514708003e-09	3.273514985300695018e-09	4.086086573291634680e-09	4.427073243993929148e-09	5.215625853268503306e-09	5.763739312470302748e-09	5.091913343804623056e-09	5.156045753795338417e-09
-6.250000000000000000e-02	2.514734727545697467e-09	3.764138236572519444e-09	5.059692362045234356e-09	5.781978267660481217e-09	6.719870300768291113e-09	7.270100085476324321e-09	7.673475454743348578e-09	6.100107890903228961e-09	3.869681610594372445e-09	2.378953653380359461e-09	3.191525241371298709e-09	3.532511912073594003e-09	4.321064521348168576e-09	4.869177980549968018e-09	4.197352011884287498e-09	4.261484421875003686e-09
-6.149999999999999911e-02	2.139168159081552662e-09	3.388571668108374226e-09	4.684125793581090379e-09	5.406411699196337240e-09	6.344303732304147136e-09	6.894533517012179516e-09	7.297908886279203773e-09	5.724541322439084984e-09	3.494115042130228054e-09	2.003387084916215070e-09	2.815958672907154318e-09	3.156945343609449612e-09	3.945497952884023771e-09	4.493611412085824868e-09	3.821785443420142694e-09	3.885917853410858881e-09
-6.049999999999999822e-02	1.960549603982434273e-09	3.209953113009255837e-09	4.505507238481971576e-09	5.227793144097219264e-09	6.165685177205027506e-09	6.715914961913061540e-09	7.119290331180085798e-09	5.545922767339967008e-09	3.315496487031109665e-09	1.824768529817096887e-09	2.637340117808035929e-09	2.978326788510331223e-09	3.766879397784904968e-09	4.314992856986705238e-09	3.643166888321024304e-09	3.707299298311740079e-09
-5.949999999999999734e-02	1.379594436246734888e-09	2.628997945273556659e-09	3.924552070746272811e-09	4.646837976361519672e-09	5.584730009469329568e-09	6.134959794177361948e-09	6.538335163444385378e-09	4.964967599604267416e-09	2.734541319295410073e-09	1.243813362081397295e-09	2.056384950072336337e-09	2.397371620774631631e-09	3.185924230049206617e-09	3.734037689251006473e-09	3.062211720585325126e-09	3.126344130576040900e-09
-5.850000000000000339e-02	1.116973829630826626e-09	2.366377338657648397e-09	3.661931464130364136e-09	4.384217369745611411e-09	5.322109402853420479e-09	5.872339187561453687e-09	6.275714556828477944e-09	4.702346992988359155e-09	2.471920712679502225e-09	9.811927554654892406e-10	1.793764343456428282e-09	2.134751014158723784e-09	2.923303623433298356e-09	3.471417082635098211e-09	2.799591113969416865e-09	2.863723523960132639e-09
-5.750000000000000250e-02	1.125631495167790186e-09	2.375035004194611957e-09	3.670589129667327696e-09	4.392875035282574970e-09	5.330767068390384039e-09	5.880996853098418074e-09	6.284372222365441504e-09	4.711004658525321887e-09	2.480578378216466199e-09	9.898504210024525935e-10	1.802422008993391635e-09	2.143408679695686516e-09	2.931961288970261502e-09	3.480074748172061358e-09	2.808248779506380838e-09	2.872381189497096199e-09
-5.650000000000000161e-02	7.765451693475310609e-10	2.025948678374352625e-09	3.321502803847068778e-09	4.043788709462316052e-09	4.981680742570125121e-09	5.531910527278158328e-09	5.935285896545181758e-09	4.361918332705062969e-09	2.131492052396207280e-09	6.407640951821936752e-10	1.453335683173132717e-09	1.794322353875427804e-09	2.582874963150002583e-09	3.130988422351802853e-09	2.459162453686121920e-09	2.523294863676837280e-09
-5.550000000000000072e-02	2.842331334997024733e-10	1.533636642526524141e-09	2.829190767999240087e-09	3.551476673614486947e-09	4.489368706722297257e-09	5.039598491430329637e-09	5.442973860697353067e-09	3.869606296857235105e-09	1.639180016548378383e-09	1.484520593343650617e-10	9.610236473253042326e-10	1.302010318027599320e-09	2.090562927302174306e-09	2.638676386503973748e-09	1.966850417838292815e-09	2.030982827829008589e-09
-5.449999999999999983e-02	1.506613206822928060e-10	1.400064829709114525e-09	2.695618955181830264e-09	3.417904860797077125e-09	4.355796893904886607e-09	4.906026678612920642e-09	5.309402047879944072e-09	3.736034484039825283e-09	1.505608203730968767e-09	1.488024651695542352e-11	8.274518345078945136e-10	1.168438505210189705e-09	1.956991114484764484e-09	2.505104573686564339e-09	1.833278605020883199e-09	1.897411015011598767e-09
-5.349999999999999895e-02	1.763593826408549913e-10	1.425762891667676866e-09	2.721317017140392605e-09	3.443602922755639879e-09	4.381494955863449361e-09	4.931724740571482569e-09	5.335100109838505999e-09	3.761732545998387209e-09	1.531306265689530694e-09	4.057830847551759910e-11	8.531498964664566472e-10	1.194136567168751838e-09	1.982689176443326824e-09	2.530802635645126266e-09	1.858976666979445747e-09	1.923109076970161107e-09
-5.249999999999999806e-02	2.066241190719654493e-11	1.270065920934018393e-09	2.565620046406734546e-09	3.287905952021981820e-09	4.225797985129790889e-09	4.776027769837824097e-09	5.179403139104847527e-09	3.606035575264729151e-09	1.375609294955872222e-09	-1.151186622581408537e-10	6.974529257327981750e-10	1.038439596435093159e-09	1.826992205709668145e-09	2.375105664911468208e-09	1.703279696245787068e-09	1.767412106236502635e-09
-5.149999999999999717e-02	-4.455116558977795218e-10	8.038918531290423526e-10	2.099445978601758402e-09	2.821731884217005263e-09	3.759623917324815158e-09	4.309853702032847539e-09	4.713229071299871796e-09	3.139861507459752593e-09	9.094352271508962841e-10	-5.812927300631169075e-10	2.312788579278221600e-10	5.722655286301172218e-10	1.360818137904692208e-09	1.908931597106492063e-09	1.237105628440811130e-09	1.301238038431526491e-09
-5.050000000000000322e-02	-3.822975162480066369e-10	8.671059927788151857e-10	2.162660118251531028e-09	2.884946023866777889e-09	3.822838056974587785e-09	4.373067841682620993e-09	4.776443210949644422e-09	3.203075647109525219e-09	9.726493668006691173e-10	-5.180785904133440743e-10	2.944929975775950707e-10	6.354796682798901584e-10	1.424032277554464627e-09	1.972145736756265103e-09	1.300319768090583757e-09	1.364452178081299531e-09
-4.950000000000000233e-02	-5.766461568853679586e-10	6.727573521414539157e-10	1.968311477614169345e-09	2.690597383229416619e-09	3.628489416337226101e-09	4.178719201045259723e-09	4.582094570312282325e-09	3.008727006472164363e-09	7.783007261633078473e-10	-7.124272310507053443e-10	1.001443569402337361e-10	4.411310276425288366e-10	1.229683636917103564e-09	1.777797096118903420e-09	1.105971127453222693e-09	1.170103537443938261e-09
-4.850000000000000144e-02	-6.395004912711297142e-10	6.099030177556921601e-10	1.905457143228408003e-09	2.627743048843654863e-09	3.565635081951464759e-09	4.115864866659497140e-09	4.519240235926521397e-09	2.945872672086402607e-09	7.154463917775461951e-10	-7.752815654364669966e-10	3.729002255447200631e-11	3.782766932567671327e-10	1.166829302531342015e-09	1.714942761733141871e-09	1.043116793067460938e-09	1.107249203058176298e-09
-4.750000000000000056e-02	-2.490394884893685956e-10	1.000364020537453124e-09	2.295918146010169070e-09	3.018204051625416344e-09	3.956096084733225413e-09	4.506325869441259447e-09	4.909701238708282050e-09	3.336333674868163674e-09	1.105907394559307365e-09	-3.848205626547059813e-10	4.277510253362330603e-10	7.687376960385281997e-10	1.557290305313103082e-09	2.105403764514902731e-09	1.433577795849222005e-09	1.497710205839937572e-09
-4.649999999999999967e-02	5.406751951611182779e-10	1.790078704187939842e-09	3.085632829660655581e-09	3.807918735275902855e-09	4.745810768383711924e-09	5.296040553091745132e-09	5.699415922358769389e-09	4.126048358518650599e-09	1.895622078209794084e-09	4.048941209957808404e-10	1.217465708986719934e-09	1.558452379689015021e-09	2.347004988963589800e-09	2.895118448165389656e-09	2.223292479499708723e-09	2.287424889490424497e-09
-4.549999999999999878e-02	1.079316121902826672e-09	2.328719630929648443e-09	3.624273756402364596e-09	4.346559662017611870e-09	5.284451695125420939e-09	5.834681479833454973e-09	6.238056849100477576e-09	4.664689285260359614e-09	2.434263004951502685e-09	9.435350477374892862e-10	1.756106635728428535e-09	2.097093306430723829e-09	2.885645915705298401e-09	3.433759374907098257e-09	2.761933406241417737e-09	2.826065816232132684e-09
-4.449999999999999789e-02	1.518819298054855133e-09	2.768222807081677110e-09	4.063776932554392022e-09	4.786062838169639710e-09	5.723954871277448779e-09	6.274184655985481987e-09	6.677560025252507071e-09	5.104192461412387454e-09	2.873766181103530525e-09	1.383038223889517747e-09	2.195609811880456789e-09	2.536596482582752083e-09	3.325149091857327069e-09	3.873262551059126511e-09	3.201436582393445578e-09	3.265568992384161352e-09
-4.349999999999999700e-02	1.849417226291183600e-09	3.098820735318005371e-09	4.394374860790721524e-09	5.116660766405968385e-09	6.054552799513778281e-09	6.604782584221810661e-09	7.008157953488834091e-09	5.434790389648715301e-09	3.204364109339859199e-09	1.713636152125846008e-09	2.526207740116785463e-09	2.867194410819079930e-09	3.655747020093654502e-09	4.203860479295455185e-09	3.532034510629773839e-09	3.596166920620489613e-09
-4.250000000000000305e-02	2.319798109294030143e-09	3.569201618320852121e-09	4.864755743793567860e-09	5.587041649408814721e-09	6.524933682516624617e-09	7.075163467224656997e-09	7.478538836491680427e-09	5.905171272651562465e-09	3.674744992342705535e-09	2.184017035128692964e-09	2.996588623119631799e-09	3.337575293821927093e-09	4.126127903096501252e-09	4.674241362298302349e-09	4.002415393632620175e-09	4.066547803623336363e-09
-4.150000000000000216e-02	2.040147299163563442e-09	3.289550808190385006e-09	4.585104933663101573e-09	5.307390839278348433e-09	6.245282872386158329e-09	6.795512657094190710e-09	7.198888026361214140e-09	5.625520462521095350e-09	3.395094182212239248e-09	1.904366224998225850e-09	2.716937812989165098e-09	3.057924483691459979e-09	3.846477092966034965e-09	4.394590552167835234e-09	3.722764583502153887e-09	3.786896993492869248e-09
-4.050000000000000128e-02	1.979268660688464655e-09	3.228672169715286632e-09	4.524226295188003199e-09	5.246512200803250059e-09	6.184404233911059128e-09	6.734634018619092336e-09	7.138009387886115766e-09	5.564641824045996976e-09	3.334215543737140461e-09	1.843487586523127476e-09	2.656059174514066724e-09	2.997045845216361605e-09	3.785598454490935764e-09	4.333711913692736860e-09	3.661885945027055100e-09	3.726018355017770874e-09
-3.950000000000000039e-02	1.517426273890419567e-09	2.766829782917241752e-09	4.062383908389957491e-09	4.784669814005204352e-09	5.722561847113015075e-09	6.272791631821046628e-09	6.676167001088070058e-09	5.102799437247952096e-09	2.872373156939095166e-09	1.381645199725082182e-09	2.194216787716021016e-09	2.535203458418316311e-09	3.323756067692891297e-09	3.871869526894691152e-09	3.200043558229009806e-09	3.264175968219725993e-09
-3.849999999999999950e-02	1.167325272768325110e-09	2.416728781795146674e-09	3.712282907267862827e-09	4.434568812883110101e-09	5.372460845990919170e-09	5.922690630698953205e-09	6.326065999965975808e-09	4.752698436125857845e-09	2.522272155817001330e-09	1.031544198602987724e-09	1.844115786593926973e-09	2.185102457296221647e-09	2.973655066570796633e-09	3.521768525772596488e-09	2.849942557106915969e-09	2.914074967097631329e-09
-3.749999999999999861e-02	1.167075790940530132e-09	2.416479299967352109e-09	3.712033425440067849e-09	4.434319331055315123e-09	5.372211364163124192e-09	5.922441148871158226e-09	6.325816518138180829e-09	4.752448954298062040e-09	2.522022673989206351e-09	1.031294716775192746e-09	1.843866304766131788e-09	2.184852975468426668e-09	2.973405584743001654e-09	3.521519043944801510e-09	2.849693075279120990e-09	2.913825485269836351e-09
-3.649999999999999772e-02	1.865476574321880434e-09	3.114880083348701998e-09	4.410434208821418564e-09	5.132720114436664597e-09	6.070612147544475321e-09	6.620841932252507701e-09	7.024217301519530304e-09	5.450849737679412341e-09	3.220423457370555826e-09	1.729695500156542841e-09	2.542267088147481676e-09	2.883253758849776970e-09	3.671806368124351542e-09	4.219919827326151398e-09	3.548093858660470465e-09	3.612226268651186653e-09
-3.549999999999999684e-02	1.671995693509227771e-09	2.921399202536049335e-09	4.216953328008764660e-09	4.939239233624012348e-09	5.877131266731821417e-09	6.427361051439854625e-09	6.830736420706878882e-09	5.257368856866760092e-09	3.026942576557903577e-09	1.536214619343890385e-09	2.348786207334829427e-09	2.689772878037124307e-09	3.478325487311699293e-09	4.026438946513499149e-09	3.354612977847818216e-09	3.418745387838533990e-09
-3.450000000000000289e-02	1.163544908211910811e-09	2.412948417238732582e-09	3.708502542711448322e-09	4.430788448326696009e-09	5.368680481434505078e-09	5.918910266142538286e-09	6.322285635409561716e-09	4.748918071569443753e-09	2.518491791260586824e-09	1.027763834046573219e-09	1.840335422037512467e-09	2.181322092739807555e-09	2.969874702014382127e-09	3.517988161216182397e-09	2.846162192550501463e-09	2.910294602541216824e-09
-3.350000000000000200e-02	5.560295972623519488e-10	1.805433106289173720e-09	3.100987231761889666e-09	3.823273137377136940e-09	4.761165170484946836e-09	5.311394955192978389e-09	5.714770324460002646e-09	4.141402760619883857e-09	1.910976480311027341e-09	4.202485230970145630e-10	1.232820111087953605e-09	1.573806781790248692e-09	2.362359391064823471e-09	2.910472850266623327e-09	2.238646881600941980e-09	2.302779291591658168e-09
-3.250000000000000111e-02	-4.956358348999773722e-11	1.199839925536824131e-09	2.495394051009540077e-09	3.217679956624787351e-09	4.155571989732596833e-09	4.705801774440629214e-09	5.109177143707653471e-09	3.535809579867534268e-09	1.305383299558677959e-09	-1.853446576553351552e-10	6.272269303356039122e-10	9.682136010378991033e-10	1.756766210312473882e-09	2.304879669514273738e-09	1.633053700848592805e-09	1.697186110839308372e-09
-3.150000000000000022e-02	-2.986257751310443609e-10	9.507777338957774101e-10	2.246331859368493149e-09	2.968617764983740423e-09	3.906509798091549492e-09	4.456739582799582700e-09	4.860114952066606957e-09	3.286747388226487754e-09	1.056321107917631445e-09	-4.344068492963817983e-10	3.781647386945572950e-10	7.191514093968524861e-10	1.507704018671427368e-09	2.055817477873227224e-09	1.383991509207546084e-09	1.448123919198261859e-09
-3.049999999999999933e-02	-8.590777955451671295e-10	3.903257134816546931e-10	1.685879838954370587e-09	2.408165744569617862e-09	3.346057777677427344e-09	3.896287562385460138e-09	4.299662931652483568e-09	2.726295367812364778e-09	4.958690875035086764e-10	-9.948588697105045152e-10	-1.822872817195654736e-10	1.586993889827296141e-10	9.472519982573043930e-10	1.495365457459104456e-09	8.235394887934234190e-10	8.876718987841389865e-10
-2.949999999999999845e-02	-1.478274925207270185e-09	-2.288714161804482069e-10	1.066682709292267532e-09	1.788968614907515013e-09	2.726860648015324082e-09	3.277090432723357290e-09	3.680465801990380720e-09	2.107098238150262344e-09	-1.233280421585942754e-10	-1.614055999372607570e-09	-8.014844113816683219e-10	-4.604977406793732860e-10	3.280548685952014930e-10	8.761683277970014004e-10	2.043423591313204673e-10	2.684747691220360347e-10
-2.850000000000000103e-02	-1.830336072200935060e-09	-5.809325631741132895e-10	7.146215622986024496e-10	1.436907467913849517e-09	2.374799501021659413e-09	2.925029285729691794e-09	3.328404654996716051e-09	1.755037091156597054e-09	-4.753891891522593579e-10	-1.966117146366272653e-09	-1.153545558375333405e-09	-8.125588876730384203e-10	-2.400627839846359285e-11	5.241071808033363179e-10	-1.477187878623445895e-10	-8.358637787162908664e-11
-2.750000000000000014e-02	-2.608039620503714100e-09	-1.358636111476892122e-09	-6.308198600417621478e-11	6.592039196110708915e-10	1.597095952718880374e-09	2.147325737426913168e-09	2.550701106693936598e-09	9.773335428538182219e-10	-1.253092737455037880e-09	-2.743820694669051279e-09	-1.931249106678112444e-09	-1.590262435975817149e-09	-8.017098267012423703e-10	-2.535963674994424111e-10	-9.254223361651232409e-10	-8.612899261744078803e-10
-2.649999999999999925e-02	-3.680113872006110780e-09	-2.430710362979289630e-09	-1.135156237506573477e-09	-4.128703318913263061e-10	5.250217012164831762e-10	1.075251485924516074e-09	1.478626855191539710e-09	-9.474070864857893697e-11	-2.325166988957434974e-09	-3.815894946171447959e-09	-3.003323358180509538e-09	-2.662336687478214244e-09	-1.873784078203639258e-09	-1.325670619001839609e-09	-1.997496587667520335e-09	-1.933364177676804974e-09
-2.549999999999999836e-02	-3.675385965157429612e-09	-2.425982456130607634e-09	-1.130428330657891688e-09	-4.081424250426445691e-10	5.297496080651649649e-10	1.079979392773197862e-09	1.483354762040221706e-09	-9.001280179989719993e-11	-2.320439082108753392e-09	-3.811167039322767204e-09	-2.998595451331827542e-09	-2.657608780629532662e-09	-1.869056171354958089e-09	-1.320942712153157820e-09	-1.992768680818838753e-09	-1.928636270828123393e-09
-2.450000000000000094e-02	-3.307342596275920673e-09	-2.057939087249098695e-09	-7.623849617763831630e-10	-4.009905616113601794e-11	8.977929769466734902e-10	1.448022761654706595e-09	1.851398130921730438e-09	2.780305670816113383e-10	-1.952395713227245281e-09	-3.443123670441257852e-09	-2.630552082450319431e-09	-2.289565411748024136e-09	-1.501012802473449150e-09	-9.528993432716492947e-10	-1.624725311937330228e-09	-1.560592901946614660e-09
-2.350000000000000006e-02	-2.852258464190169831e-09	-1.602854955163347853e-09	-3.073008296906322171e-10	4.149850759246149021e-10	1.352877109032424229e-09	1.903106893740457023e-09	2.306482263007481281e-09	7.331146991673622842e-10	-1.497311581141494025e-09	-2.988039538355507009e-09	-2.175467950364568175e-09	-1.834481279662273294e-09	-1.045928670387698515e-09	-4.978152111858984522e-10	-1.169641179851579385e-09	-1.105508769860863611e-09
-2.249999999999999917e-02	-2.312940261394630232e-09	-1.063536752367808462e-09	2.320173731049075102e-10	9.543032787201545518e-10	1.892195311827963827e-09	2.442425096535997035e-09	2.845800465803020465e-09	1.272432901962902089e-09	-9.579933783459544266e-10	-2.448721335559967825e-09	-1.636149747569028577e-09	-1.295163076866733489e-09	-5.066104675921586066e-10	4.150299160964130739e-11	-6.303229770560396839e-10	-5.661905670653242199e-10
-2.149999999999999828e-02	-2.560761748480387629e-09	-1.311358239453565651e-09	-1.580411398085005118e-11	7.064817916343970518e-10	1.644373824742206431e-09	2.194603609450239638e-09	2.597978978717263068e-09	1.024611414877144279e-09	-1.205814865431712030e-09	-2.696542822645725635e-09	-1.883971234654785973e-09	-1.542984563952490886e-09	-7.544319546779161066e-10	-2.063184954761162508e-10	-8.781444641417971839e-10	-8.140120541510816165e-10
-2.050000000000000086e-02	-3.156279491637551866e-09	-1.906875982610730302e-09	-6.113218571380144595e-10	1.109640484772326468e-10	1.048856081585042194e-09	1.599085866293075195e-09	2.002461235560098831e-09	4.290936717199800418e-10	-1.801332608588876474e-09	-3.292060565802889459e-09	-2.479488977811950210e-09	-2.138502307109655329e-09	-1.349949697835080344e-09	-8.018362386332805912e-10	-1.473662207298961628e-09	-1.409529797308246060e-09
-1.949999999999999997e-02	-2.979069879278943366e-09	-1.729666370252121389e-09	-4.341122447794057530e-10	2.881736608358413662e-10	1.226065693943650900e-09	1.776295478651683901e-09	2.179670847918707745e-09	6.063032840785887483e-10	-1.624122996230267561e-09	-3.114850953444280545e-09	-2.302279365453341711e-09	-1.961292694751046830e-09	-1.172740085476472051e-09	-6.246266262746718847e-10	-1.296452594940352921e-09	-1.232320184949637147e-09
-1.849999999999999908e-02	-3.259181413984507280e-09	-2.009777904957685303e-09	-7.142237794849692534e-10	8.062126130277807606e-12	9.459541592380873998e-10	1.496183943946120194e-09	1.899559313213143831e-09	3.261917493730251962e-10	-1.904234530935831475e-09	-3.394962488149844459e-09	-2.582390900158905211e-09	-2.241404229456610330e-09	-1.452851620182035344e-09	-9.047381609802354885e-10	-1.576564129645916422e-09	-1.512431719655200854e-09
-1.750000000000000167e-02	-4.051287568829894818e-09	-2.801884059803073668e-09	-1.506329934330357929e-09	-7.840440287151108613e-10	1.538480043926986986e-10	7.040777891007316219e-10	1.107453158367755259e-09	-4.659144054723634275e-10	-2.696340685781220253e-09	-4.187068642995233652e-09	-3.374497055004293990e-09	-3.033510384301998695e-09	-2.244957775027423710e-09	-1.696844315825624061e-09	-2.368670284491305614e-09	-2.304537874500589426e-09
-1.650000000000000078e-02	-4.382223938644429197e-09	-3.132820429617608047e-09	-1.837266304144891894e-09	-1.114980398529644827e-09	-1.770883654218351892e-10	3.731414192861977600e-10	7.765167885532215001e-10	-7.968507752868973929e-10	-3.027277055595753805e-09	-4.518005012809767203e-09	-3.705433424818827955e-09	-3.364446754116532661e-09	-2.575894144841957675e-09	-2.027780685640157819e-09	-2.699606654305839166e-09	-2.635474244315123392e-09
-1.549999999999999989e-02	-5.143004221534456747e-09	-3.893600712507636010e-09	-2.598046587034919858e-09	-1.875760681419672583e-09	-9.378686483118631009e-10	-3.876388636038302551e-10	1.573650566319347531e-11	-1.557631058176925253e-09	-3.788057338485781355e-09	-5.278785295699794753e-09	-4.466213707708855505e-09	-4.125227037006561038e-09	-3.336674427731985638e-09	-2.788560968530186196e-09	-3.460386937195867129e-09	-3.396254527205151355e-09
-1.450000000000000074e-02	-6.341190991710468229e-09	-5.091787482683645837e-09	-3.796233357210930098e-09	-3.073947451595683237e-09	-2.136055418487873755e-09	-1.585825633779840754e-09	-1.182450264512817118e-09	-2.755817828352935907e-09	-4.986244108661792836e-09	-6.476972065875805408e-09	-5.664400477884866986e-09	-5.323413807182571692e-09	-4.534861197907996706e-09	-3.986747738706196437e-09	-4.658573707371877783e-09	-4.594441297381162423e-09
-1.349999999999999985e-02	-6.901605977836997965e-09	-5.652202468810176401e-09	-4.356648343337460662e-09	-3.634362437722214215e-09	-2.696470404614404319e-09	-2.146240619906371938e-09	-1.742865250639347888e-09	-3.316232814479466885e-09	-5.546659094788323400e-09	-7.037387052002336799e-09	-6.224815464011396723e-09	-5.883828793309102256e-09	-5.095276184034528097e-09	-4.547162724832727001e-09	-5.218988693498408347e-09	-5.154856283507692160e-09
-1.250000000000000069e-02	-6.616515937768161166e-09	-5.367112428741337948e-09	-4.071558303268623036e-09	-3.349272397653375761e-09	-2.411380364545566279e-09	-1.861150579837533278e-09	-1.457775210570509641e-09	-3.031142774410628431e-09	-5.261569054719485774e-09	-6.752297011933497518e-09	-5.939725423942559097e-09	-5.598738753240263802e-09	-4.810186143965688816e-09	-4.262072684763889374e-09	-4.933898653429570721e-09	-4.869766243438854533e-09
-1.149999999999999981e-02	-6.333660028711772235e-09	-5.084256519684949843e-09	-3.788702394212234931e-09	-3.066416488596987657e-09	-2.128524455489177761e-09	-1.578294670781144967e-09	-1.174919301514121330e-09	-2.748286865354239913e-09	-4.978713145663096015e-09	-6.469441102877109414e-09	-5.656869514886170165e-09	-5.315882844183874871e-09	-4.527330234909300712e-09	-3.979216775707500443e-09	-4.651042744373181789e-09	-4.586910334382466429e-09
-1.050000000000000065e-02	-6.170073102105846464e-09	-4.920669593079023246e-09	-3.625115467606308747e-09	-2.902829561991061473e-09	-1.964937528883251991e-09	-1.414707744175218576e-09	-1.011332374908194940e-09	-2.584699938748313729e-09	-4.815126219057171072e-09	-6.305854176271183643e-09	-5.493282588280244395e-09	-5.152295917577949100e-09	-4.363743308303374114e-09	-3.815629849101574672e-09	-4.487455817767256019e-09	-4.423323407776539831e-09
-9.499999999999999764e-03	-6.144617120946181107e-09	-4.895213611919359543e-09	-3.599659486446644218e-09	-2.877373580831397771e-09	-1.939481547723587461e-09	-1.389251763015554667e-09	-9.858763937485310302e-10	-2.559243957588650027e-09	-4.789670237897506542e-09	-6.280398195111519941e-09	-5.467826607120579865e-09	-5.126839936418285398e-09	-4.338287327143711239e-09	-3.790173867941910143e-09	-4.461999836607591489e-09	-4.397867426616875302e-09
-8.500000000000000611e-03	-6.365471062409677739e-09	-5.116067553382855348e-09	-3.820513427910139609e-09	-3.098227522294892748e-09	-2.160335489187083266e-09	-1.610105704479050265e-09	-1.206730335212026628e-09	-2.780097899052145418e-09	-5.010524179361002347e-09	-6.501252136575014918e-09	-5.688680548584076497e-09	-5.347693877881781202e-09	-4.559141268607206217e-09	-4.011027809405405947e-09	-4.682853778071087294e-09	-4.618721368080371106e-09
-7.499999999999999722e-03	-6.664127373439655930e-09	-5.414723864412833539e-09	-4.119169738940118627e-09	-3.396883833324871353e-09	-2.458991800217061457e-09	-1.908762015509028662e-09	-1.505386646242005026e-09	-3.078754210082124022e-09	-5.309180490390980538e-09	-6.799908447604993109e-09	-5.987336859614053861e-09	-5.646350188911758566e-09	-4.857797579637185235e-09	-4.309684120435384965e-09	-4.981510089101065485e-09	-4.917377679110349297e-09
-6.499999999999999702e-03	-6.567161991811272289e-09	-5.317758482784450724e-09	-4.022204357311734985e-09	-3.299918451696488125e-09	-2.362026418588678642e-09	-1.811796633880645435e-09	-1.408421264613621798e-09	-2.981788828453740381e-09	-5.212215108762597723e-09	-6.702943065976611122e-09	-5.890371477985671046e-09	-5.549384807283375752e-09	-4.760832198008801593e-09	-4.212718738807000497e-09	-4.884544707472682671e-09	-4.820412297481966483e-09
-5.499999999999999681e-03	-6.649653139126117199e-09	-5.400249630099295635e-09	-4.104695504626579896e-09	-3.382409599011333035e-09	-2.444517565903523139e-09	-1.894287781195490345e-09	-1.490912411928466501e-09	-3.064279975768585291e-09	-5.294706256077441807e-09	-6.785434213291455205e-09	-5.972862625300515957e-09	-5.631875954598220662e-09	-4.843323345323646504e-09	-4.295209886121845407e-09	-4.967035854787526754e-09	-4.902903444796811393e-09
-4.499999999999999660e-03	-6.840793182608598859e-09	-5.591389673581777295e-09	-4.295835548109060728e-09	-3.573549642493814695e-09	-2.635657609386005213e-09	-2.085427824677972005e-09	-1.682052455410948368e-09	-3.255420019251066951e-09	-5.485846299559924294e-09	-6.976574256773937692e-09	-6.164002668782997616e-09	-5.823015998080702322e-09	-5.034463388806127336e-09	-4.486349929604327067e-09	-5.158175898270009241e-09	-5.094043488279293053e-09
-3.500000000000000073e-03	-6.992245062888374119e-09	-5.742841553861551728e-09	-4.447287428388836816e-09	-3.725001522773589128e-09	-2.787109489665779232e-09	-2.236879704957746438e-09	-1.833504335690722801e-09	-3.406871899530841798e-09	-5.637298179839697900e-09	-7.128026137053710471e-09	-6.315454549062772050e-09	-5.974467878360476755e-09	-5.185915269085902597e-09	-4.637801809884102327e-09	-5.309627778549783674e-09	-5.245495368559067486e-09
-2.500000000000000052e-03	-7.119085943867167156e-09	-5.869682434840345592e-09	-4.574128309367629853e-09	-3.851842403752383820e-09	-2.913950370644573510e-09	-2.363720585936540716e-09	-1.960345216669517286e-09	-3.533712780509636076e-09	-5.764139060818492591e-09	-7.254867018032505990e-09	-6.442295430041565914e-09	-6.101308759339271447e-09	-5.312756150064697288e-09	-4.764642690862896192e-09	-5.436468659528577538e-09	-5.372336249537861351e-09
-1.500000000000000031e-03	-6.762969295789257821e-09	-5.513565786762434603e-09	-4.218011661289719691e-09	-3.495725755674472830e-09	-2.557833722566662934e-09	-2.007603937858630554e-09	-1.604228568591606504e-09	-3.177596132431725500e-09	-5.408022412740582429e-09	-6.898750369954594173e-09	-6.086178781963655752e-09	-5.745192111261360457e-09	-4.956639501986786299e-09	-4.408526042784986857e-09	-5.080352011450667376e-09	-5.016219601459951188e-09
-5.000000000000000104e-04	-6.131982591979942320e-09	-4.882579082953120755e-09	-3.587024957480405430e-09	-2.864739051865158983e-09	-1.926847018757349087e-09	-1.376617234049315879e-09	-9.732418647822922424e-10	-2.546609428622411239e-09	-4.777035708931267754e-09	-6.267763666145281153e-09	-5.455192078154341077e-09	-5.114205407452045783e-09	-4.325652798177472451e-09	-3.777539338975671355e-09	-4.449365307641352702e-09	-4.385232897650636514e-09
5.000000000000000104e-04	-5.887550370607638395e-09	-4.638146861580816004e-09	-3.342592736108099851e-09	-2.620306830492852991e-09	-1.682414797385043301e-09	-1.132185012677010507e-09	-7.288096434099867672e-10	-2.302177207250105660e-09	-4.532603487558962176e-09	-6.023331444772974747e-09	-5.210759856782036326e-09	-4.869773186079741031e-09	-4.081220576805166873e-09	-3.533107117603366190e-09	-4.204933086269047123e-09	-4.140800676278331762e-09
1.500000000000000031e-03	-5.931578570383269942e-09	-4.682175061356447551e-09	-3.386620935883732225e-09	-2.664335030268485365e-09	-1.726442997160675262e-09	-1.176213212452642261e-09	-7.728378431856186242e-10	-2.346205407025737621e-09	-4.576631687334593723e-09	-6.067359644548606294e-09	-5.254788056557667873e-09	-4.913801385855372578e-09	-4.125248776580798420e-09	-3.577135317378998564e-09	-4.248961286044679497e-09	-4.184828876053963309e-09
2.500000000000000052e-03	-5.929860976989187325e-09	-4.680457467962364107e-09	-3.384903342489649195e-09	-2.662617436874402334e-09	-1.724725403766592645e-09	-1.174495619058559644e-09	-7.711202497915360076e-10	-2.344487813631655004e-09	-4.574914093940511106e-09	-6.065642051154523677e-09	-5.253070463163585256e-09	-4.912083792461289962e-09	-4.123531183186715803e-09	-3.575417723984915534e-09	-4.247243692650596053e-09	-4.183111282659880693e-09
3.500000000000000073e-03	-5.371015323687496068e-09	-4.121611814660672850e-09	-2.826057689187957111e-09	-2.103771783572710250e-09	-1.165879750464900561e-09	-6.156499657568676632e-10	-2.122745964898439490e-10	-1.785642160329962713e-09	-4.016068440638819022e-09	-5.506796397852831593e-09	-4.694224809861893171e-09	-4.353238139159598704e-09	-3.564685529885022891e-09	-3.016572070683223449e-09	-3.688398039348904796e-09	-3.624265629358189022e-09
4.499999999999999660e-03	-5.118975923629634262e-09	-3.869572414602812698e-09	-2.574018289130096545e-09	-1.851732383514849271e-09	-9.138403504070400986e-10	-3.636105656990070977e-10	3.976480356801661007e-11	-1.533602760272102147e-09	-3.764029040580958870e-09	-5.254756997794971441e-09	-4.442185409804033020e-09	-4.101198739101737725e-09	-3.312646129827162739e-09	-2.764532670625362884e-09	-3.436358639291043817e-09	-3.372226229300328043e-09
5.499999999999999681e-03	-4.742953043852487764e-09	-3.493549534825666613e-09	-2.197995409352950461e-09	-1.475709503737703393e-09	-5.378174706298938073e-10	1.241231407813909022e-11	4.157876833451628303e-10	-1.157579880494955856e-09	-3.388006160803811958e-09	-4.878734118017825770e-09	-4.066162530026886521e-09	-3.725175859324590813e-09	-2.936623250050016655e-09	-2.388509790848216385e-09	-3.060335759513897319e-09	-2.996203349523181958e-09
6.499999999999999702e-03	-4.476468661421423212e-09	-3.227065152394601648e-09	-1.931511026921885909e-09	-1.209225121306638635e-09	-2.713330881988290490e-10	2.788966965092039519e-10	6.822720657762276920e-10	-8.910954980638912010e-10	-3.121521778372747406e-09	-4.612249735586760391e-09	-3.799678147595821143e-09	-3.458691476893526676e-09	-2.670138867618951690e-09	-2.122025408417151834e-09	-2.793851377082832767e-09	-2.729718967092116993e-09
7.499999999999999722e-03	-3.885001830743414316e-09	-2.635598321716592752e-09	-1.340044196243877013e-09	-6.177582906286299455e-10	3.201337424791795886e-10	8.703635271872125378e-10	1.273738896454236381e-09	-2.996286673858825634e-10	-2.530054947694738924e-09	-4.020782904908752322e-09	-3.208211316917813074e-09	-2.867224646215517779e-09	-2.078672036940942794e-09	-1.530558577739143145e-09	-2.202384546404823871e-09	-2.138252136414108510e-09
8.500000000000000611e-03	-3.119789574991836044e-09	-1.870386065965014480e-09	-5.748319404922983275e-10	1.474539651229487658e-10	1.085345998230758222e-09	1.635575782938791223e-09	2.038951152205814653e-09	4.655835883656961737e-10	-1.764842691943160238e-09	-3.255570649157173223e-09	-2.442999061166234388e-09	-2.102012390463939094e-09	-1.313459781189364315e-09	-7.653463219875644593e-10	-1.437172290653245392e-09	-1.373039880662530032e-09
9.499999999999999764e-03	-2.284838604515507112e-09	-1.035435095488685135e-09	2.601190299840305009e-10	9.824049355992776718e-10	1.920296968707086947e-09	2.470526753415120155e-09	2.873902122682143585e-09	1.300534558842025002e-09	-9.298917214668313066e-10	-2.420619678680844705e-09	-1.608048090689905457e-09	-1.267061419987610369e-09	-4.785088107130355900e-10	6.960464848876435628e-11	-6.022213201769165640e-10	-5.380889101862009965e-10
1.050000000000000065e-02	-1.306299706459084517e-09	-5.689619743226282993e-11	1.238657928040453200e-09	1.960943833655699854e-09	2.898835866763509336e-09	3.449065651471542544e-09	3.852441020738566387e-09	2.279073456898447598e-09	4.864717658959110165e-11	-1.442080780624421903e-09	-6.295091926334829643e-10	-2.885225219311879284e-10	5.000300873433869023e-10	1.048143546545187068e-09	3.763175778795058249e-10	4.404499878702213923e-10
1.149999999999999981e-02	-1.199195767864703281e-09	5.020774116211865818e-11	1.345761866634834436e-09	2.068047772250081297e-09	3.005939805357891193e-09	3.556169590065923987e-09	3.959544959332947417e-09	2.386177395492829041e-09	1.557511151839726027e-10	-1.334976842030040666e-09	-5.224052540391015215e-10	-1.814185833368064080e-10	6.071340259377683452e-10	1.155247485139568304e-09	4.834215164738872678e-10	5.475539264646029386e-10
1.250000000000000069e-02	-7.372353845275863440e-10	5.121681244992354269e-10	1.807722249971951269e-09	2.530008155587198750e-09	3.467900188695007819e-09	4.018129973403039786e-09	4.421505342670064870e-09	2.848137778829945667e-09	6.177114985210893585e-10	-8.730164586929238331e-10	-6.044487070198470104e-11	2.805418000003103995e-10	1.069094409274885282e-09	1.617207868476685138e-09	9.453818998110042045e-10	1.009514309801719772e-09
1.349999999999999985e-02	-3.842445627255190225e-10	8.651589463013028518e-10	2.160713071774018591e-09	2.882998977389265452e-09	3.820891010497075761e-09	4.371120795205108142e-09	4.774496164472131572e-09	3.201128600632013196e-09	9.707023203231568867e-10	-5.200256368908564083e-10	2.925459511000826851e-10	6.335326218023778244e-10	1.422085231076952810e-09	1.970198690278752666e-09	1.298372721613071526e-09	1.362505131603787093e-09
1.450000000000000074e-02	2.342452725274267502e-10	1.483648781554248469e-09	2.779202907026964415e-09	3.501488812642211690e-09	4.439380845750020345e-09	4.989610630458054380e-09	5.392985999725077810e-09	3.819618435884959847e-09	1.589192155576102504e-09	9.846419836208936449e-11	9.110357863530284578e-10	1.252022457055323649e-09	2.040575066329898635e-09	2.588688525531698490e-09	1.916862556866017557e-09	1.980994966856732918e-09
1.549999999999999989e-02	2.649764060386986679e-10	1.514379915065520387e-09	2.809934040538236333e-09	3.532219946153483194e-09	4.470111979261293917e-09	5.020341763969325470e-09	5.423717133236348900e-09	3.850349569396230938e-09	1.619923289087374422e-09	1.291953318733612821e-10	9.417669198643002721e-10	1.282753590566595360e-09	2.071306199841170139e-09	2.619419659042969994e-09	1.947593690377289061e-09	2.011726100368004836e-09
1.650000000000000078e-02	-1.468026134559382337e-10	1.102600895570883511e-09	2.398155021043599250e-09	3.120440926658846525e-09	4.058332959766655593e-09	4.608562744474688801e-09	5.011938113741713058e-09	3.438570549901593855e-09	1.208144269592737753e-09	-2.825836876212756453e-10	5.299879003696633964e-10	8.709745710719584840e-10	1.659527180346533263e-09	2.207640639548332912e-09	1.535814670882652186e-09	1.599947080873367960e-09
1.750000000000000167e-02	-2.898616945565938884e-10	9.595418144702279342e-10	2.255095939942943880e-09	2.977381845558190741e-09	3.915273878666000637e-09	4.465503663374033017e-09	4.868879032641056447e-09	3.295511468800938485e-09	1.065085188492081969e-09	-4.256427687219312741e-10	3.869288192690078192e-10	7.279154899713029068e-10	1.516468099245877893e-09	2.064581558447677542e-09	1.392755589781996608e-09	1.456887999772712383e-09
1.849999999999999908e-02	-2.426673894914089887e-10	1.006736119535412834e-09	2.302290245008128780e-09	3.024576150623375640e-09	3.962468183731185950e-09	4.512697968439218331e-09	4.916073337706240933e-09	3.342705773866123384e-09	1.112279493557266662e-09	-3.784484636567463228e-10	4.341231243341927706e-10	7.751097950364878065e-10	1.563662404311062585e-09	2.111775863512862441e-09	1.439949894847181508e-09	1.504082304837897076e-09
1.949999999999999997e-02	-4.959787958388969911e-10	7.534247131879248832e-10	2.048978838660640622e-09	2.771264744275887897e-09	3.709156777383697379e-09	4.259386562091730587e-09	4.662761931358754017e-09	3.089394367518635227e-09	8.589680872097788148e-10	-6.317598700042343768e-10	1.808117179867047165e-10	5.217983886889997524e-10	1.310350997963574428e-09	1.858464457165374284e-09	1.186638488499693557e-09	1.250770898490409125e-09
2.050000000000000086e-02	-1.024862765301119518e-09	2.245407437257024860e-10	1.520094869198418199e-09	2.242380774813665267e-09	3.180272807921474749e-09	3.730502592629507957e-09	4.133877961896532214e-09	2.560510398056413011e-09	3.300841177475564434e-10	-1.160643839466456903e-09	-3.480722514755177065e-10	-7.085580773222575291e-12	7.814670285013522118e-10	1.329580487703152068e-09	6.577545190374712378e-10	7.218869290281868052e-10
2.149999999999999828e-02	-1.198276884506451316e-09	5.112662452037046185e-11	1.346680749993086401e-09	2.068966655608333262e-09	3.006858688716143158e-09	3.557088473424175538e-09	3.960463842691199382e-09	2.387096278851080592e-09	1.566699985422243870e-10	-1.334057958671788908e-09	-5.214863706808497630e-10	-1.804996999785546237e-10	6.080529092960201036e-10	1.156166368497820063e-09	4.843403998321391296e-10	5.484728098228546971e-10
2.249999999999999917e-02	-1.114078030401071192e-09	1.353254786257506820e-10	1.430879604098466525e-09	2.153165509713713592e-09	3.091057542821523074e-09	3.641287327529556282e-09	4.044662696796579298e-09	2.471295132956460922e-09	2.408688526476046136e-10	-1.249859104566408578e-09	-4.372875165754694847e-10	-9.630084587317439705e-11	6.922517634014004336e-10	1.240365222603200393e-09	5.685392539375193562e-10	6.326716639282349237e-10
2.350000000000000006e-02	-1.210792938672002865e-09	3.861057035481898394e-11	1.334164695827534852e-09	2.056450601442781713e-09	2.994342634550591609e-09	3.544572419258624403e-09	3.947947788525648247e-09	2.374580224685529457e-09	1.441539443766729155e-10	-1.346574012837340250e-09	-5.340024248464012086e-10	-1.930157541441060693e-10	5.955368551304687614e-10	1.143650314332268721e-09	4.718243456665876840e-10	5.359567556573031481e-10
2.450000000000000094e-02	-1.723234836682488865e-09	-4.738313276556670944e-10	8.217227978170487481e-10	1.544008703432295712e-09	2.481900736540105608e-09	3.032130521248138402e-09	3.435505890515161832e-09	1.862138326675043456e-09	-3.682879536338131629e-10	-1.859015910847826251e-09	-1.046444322856887209e-09	-7.054576521545921218e-10	8.309495711998259254e-11	6.312084163217825130e-10	-4.061755234389841376e-11	2.351485764681710522e-11
2.549999999999999836e-02	-2.090487447697920682e-09	-8.410839386710990147e-10	4.544701868016168279e-10	1.176756092416863895e-09	2.114648125524673378e-09	2.664877910232706585e-09	3.068253279499730015e-09	1.494885715659611226e-09	-7.355405646492449797e-10	-2.226268521863258275e-09	-1.413696933872319026e-09	-1.072710263170024145e-09	-2.841576538954492630e-10	2.639558053063506444e-10	-4.078701633593302887e-10	-3.437377533686147213e-10
2.649999999999999925e-02	-1.637708832017222698e-09	-3.883053229904008236e-10	9.072488024823150189e-10	1.629534708097562086e-09	2.567426741205371776e-09	3.117656525913404570e-09	3.521031895180428000e-09	1.947664331340309210e-09	-2.827619489685468920e-10	-1.773489906182560084e-09	-9.609183181916210420e-10	-6.199316474893258510e-10	1.686209617852488505e-10	7.167344209870488872e-10	4.490845232136785708e-11	1.090408623120833793e-10
2.750000000000000014e-02	-1.416101803418607455e-09	-1.666982943917855030e-10	1.128855831080930262e-09	1.851141736696177536e-09	2.789033769803987019e-09	3.339263554512019813e-09	3.742638923779043656e-09	2.169271359938924867e-09	-6.115492036993154562e-11	-1.551882877583944841e-09	-7.393112895930056956e-10	-3.983246188907105563e-10	3.902279903838641710e-10	9.383414495856641302e-10	2.665154809199831970e-10	3.306478909106987128e-10
2.850000000000000103e-02	-1.604621196497103060e-09	-3.552176874702812377e-10	9.403364380024346566e-10	1.662622343617681724e-09	2.600514376725491206e-09	3.150744161433524414e-09	3.554119530700547844e-09	1.980751966860429468e-09	-2.496743134484273061e-10	-1.740402270662440446e-09	-9.278306826715013010e-10	-5.868440119692062133e-10	2.017085973053684622e-10	7.498220565071683180e-10	7.799608784148744947e-11	1.421284978322029781e-10
2.949999999999999845e-02	-2.072813521993698801e-09	-8.234100129668771333e-10	4.721441125058388126e-10	1.194430018121085983e-09	2.132322051228895259e-09	2.682551835936928467e-09	3.085927205203952310e-09	1.512559641363833521e-09	-7.178666389450230984e-10	-2.208594596159035980e-09	-1.396023008168097145e-09	-1.055036337465802057e-09	-2.664837281912273300e-10	2.816297310105726292e-10	-3.901962376551083557e-10	-3.260638276643927883e-10
3.049999999999999933e-02	-2.966711344946592752e-09	-1.717307835919770775e-09	-4.217537104470549839e-10	3.005321951681921353e-10	1.238424228276001514e-09	1.788654012984034515e-09	2.192029382251057945e-09	6.186618184109394657e-10	-1.611764461897916740e-09	-3.102492419111929931e-09	-2.289920831120991096e-09	-1.948934160418695802e-09	-1.160381551144121023e-09	-6.122680919423210639e-10	-1.284094060608001894e-09	-1.219961650617286740e-09
3.150000000000000022e-02	-4.221586901132842401e-09	-2.972183392106019182e-09	-1.676629266633303443e-09	-9.543433610180563756e-10	-1.645132791024695140e-11	5.337784567977860043e-10	9.371538260648097444e-10	-6.362137377753090452e-10	-2.866640018084165768e-09	-4.357367975298177925e-09	-3.544796387307239504e-09	-3.203809716604944210e-09	-2.415257107330369637e-09	-1.867143648128569782e-09	-2.538969616794251128e-09	-2.474837206803534941e-09
3.250000000000000111e-02	-4.777219788917199347e-09	-3.527816279890377369e-09	-2.232262154417661630e-09	-1.509976248802414563e-09	-5.720842156946050804e-10	-2.185443098657213758e-11	3.815209382804515573e-10	-1.191846625559667232e-09	-3.422272905868523955e-09	-4.913000863082536526e-09	-4.100429275091597277e-09	-3.759442604389302810e-09	-2.970889995114727824e-09	-2.422776535912927969e-09	-3.094602504578609315e-09	-3.030470094587893128e-09
3.350000000000000200e-02	-5.911845702251860960e-09	-4.662442193225038568e-09	-3.366888067752323243e-09	-2.644602162137076382e-09	-1.706710129029266486e-09	-1.156480344321233485e-09	-7.531049750542098487e-10	-2.326472538894328638e-09	-4.556898819203184740e-09	-6.047626776417197311e-09	-5.235055188426258890e-09	-4.894068517723964423e-09	-4.105515908449389437e-09	-3.557402449247589168e-09	-4.229228417913270515e-09	-4.165096007922555154e-09
3.450000000000000289e-02	-7.242543629175632146e-09	-5.993140120148809754e-09	-4.697585994676094842e-09	-3.975300089060847154e-09	-3.037408055953037259e-09	-2.487178271245004464e-09	-2.083802901977980621e-09	-3.657170465818099410e-09	-5.887596746126955926e-09	-7.378324703340968497e-09	-6.565753115350030076e-09	-6.224766444647734782e-09	-5.436213835373160623e-09	-4.888100376171360354e-09	-5.559926344837040873e-09	-5.495793934846325513e-09
3.549999999999999684e-02	-8.321516230132733518e-09	-7.072112721105911127e-09	-5.776558595633196215e-09	-5.054272690017948527e-09	-4.116380656910139458e-09	-3.566150872202106251e-09	-3.162775502935082407e-09	-4.736143066775200783e-09	-6.966569347084058126e-09	-8.457297304298069870e-09	-7.644725716307131449e-09	-7.303739045604836981e-09	-6.515186436330261996e-09	-5.967072977128462553e-09	-6.638898945794143073e-09	-6.574766535803426885e-09
3.649999999999999772e-02	-9.241948298180056443e-09	-7.992544789153236533e-09	-6.696990663680519140e-09	-5.974704758065272279e-09	-5.036812724957463210e-09	-4.486582940249430003e-09	-4.083207570982406573e-09	-5.656575134822524535e-09	-7.887001415131381878e-09	-9.377729372345394449e-09	-8.565157784354456028e-09	-8.224171113652159079e-09	-7.435618504377584920e-09	-6.887505045175785478e-09	-7.559331013841465998e-09	-7.495198603850751464e-09
3.749999999999999861e-02	-1.042498683766672117e-08	-9.175583328639899609e-09	-7.880029203167183043e-09	-7.157743297551935355e-09	-6.219851264444126286e-09	-5.669621479736093079e-09	-5.266246110469070476e-09	-6.839613674309188438e-09	-9.070039954618044954e-09	-1.056076791183205918e-08	-9.748196323841119104e-09	-9.407209653138825464e-09	-8.618657043864248824e-09	-8.070543584662448554e-09	-8.742369553328129074e-09	-8.678237143337414540e-09
3.849999999999999950e-02	-1.182805754368266557e-08	-1.057865403465584566e-08	-9.283099909183129097e-09	-8.560814003567881409e-09	-7.622921970460071513e-09	-7.072692185752039132e-09	-6.669316816485015702e-09	-8.242684380325133665e-09	-1.047311066063399101e-08	-1.196383861784800523e-08	-1.115126702985706516e-08	-1.081028035915477152e-08	-1.002172774988019488e-08	-9.473614290678394608e-09	-1.014544025934407513e-08	-1.008130784935336059e-08
3.950000000000000039e-02	-1.328489803595447578e-08	-1.203549452692765587e-08	-1.073994040145493765e-08	-1.001765449583968997e-08	-9.079762462731881724e-09	-8.529532678023848517e-09	-8.126157308756825087e-09	-9.699524872596943876e-09	-1.192995115290579956e-08	-1.342067911011981379e-08	-1.260810752212887371e-08	-1.226712085142658007e-08	-1.147856824215200509e-08	-1.093045478295020482e-08	-1.160228075161588368e-08	-1.153814834162517081e-08
4.050000000000000128e-02	-1.412677075294663431e-08	-1.287736724391981275e-08	-1.158181311844709784e-08	-1.085952721283185015e-08	-9.921635179724038599e-09	-9.371405395016007046e-09	-8.968030025748985270e-09	-1.054139758958910075e-08	-1.277182386989795975e-08	-1.426255182711197232e-08	-1.344998023912103390e-08	-1.310899356841873860e-08	-1.232044095914416196e-08	-1.177232749994236169e-08	-1.244415346860804387e-08	-1.238002105861733099e-08
4.150000000000000216e-02	-1.449949366301829490e-08	-1.325009015399147168e-08	-1.195453602851875677e-08	-1.123225012290350908e-08	-1.029435808979569919e-08	-9.744128305087667634e-09	-9.340752935820642550e-09	-1.091412049966076134e-08	-1.314454677996961868e-08	-1.463527473718363291e-08	-1.382270314919269283e-08	-1.348171647849039588e-08	-1.269316386921582090e-08	-1.214505041001402063e-08	-1.281687637867970280e-08	-1.275274396868898827e-08
4.250000000000000305e-02	-1.434837438405244656e-08	-1.309897087502562665e-08	-1.180341674955290843e-08	-1.108113084393766239e-08	-1.014323881082985250e-08	-9.593009026121819290e-09	-9.189633656854797515e-09	-1.076300122069491465e-08	-1.299342750100377199e-08	-1.448415545821778291e-08	-1.367158387022684614e-08	-1.333059719952455085e-08	-1.254204459024997586e-08	-1.199393113104817559e-08	-1.266575709971385611e-08	-1.260162468972314158e-08
4.349999999999999700e-02	-1.389343374173083840e-08	-1.264403023270401683e-08	-1.134847610723130027e-08	-1.062619020161605258e-08	-9.688298168508242682e-09	-9.138068383800212783e-09	-8.734693014533186044e-09	-1.030806057837330649e-08	-1.253848685868216218e-08	-1.402921481589617640e-08	-1.321664322790523633e-08	-1.287565655720294103e-08	-1.208710394792836605e-08	-1.153899048872656578e-08	-1.221081645739224795e-08	-1.214668404740153176e-08
4.449999999999999789e-02	-1.343421211082842404e-08	-1.218480860180160247e-08	-1.088925447632888591e-08	-1.016696857071363987e-08	-9.229076537605828323e-09	-8.678846752897798424e-09	-8.275471383630773340e-09	-9.848838947470892129e-09	-1.207926522777974947e-08	-1.356999318499376204e-08	-1.275742159700282197e-08	-1.241643492630052667e-08	-1.162788231702595169e-08	-1.107976885782415142e-08	-1.175159482648983359e-08	-1.168746241649911740e-08
4.549999999999999878e-02	-1.398619698927819928e-08	-1.273679348025137772e-08	-1.144123935477866281e-08	-1.071895344916341512e-08	-9.781061416055603569e-09	-9.230831631347573670e-09	-8.827456262080548586e-09	-1.040082382592066738e-08	-1.263125010622952472e-08	-1.412197806344353729e-08	-1.330940647545259887e-08	-1.296841980475030192e-08	-1.217986719547572693e-08	-1.163175373627392666e-08	-1.230357970493960884e-08	-1.223944729494889430e-08
4.649999999999999967e-02	-1.468988821679118603e-08	-1.344048470776436447e-08	-1.214493058229164790e-08	-1.142264467667640022e-08	-1.048475264356859197e-08	-9.934522858860558767e-09	-9.531147489593535337e-09	-1.110451505343365578e-08	-1.333494133374250982e-08	-1.482566929095652404e-08	-1.401309770296558397e-08	-1.367211103226328867e-08	-1.288355842298871368e-08	-1.233544496378691342e-08	-1.300727093245259394e-08	-1.294313852246188106e-08
4.750000000000000056e-02	-1.484231189834193465e-08	-1.359290838931511474e-08	-1.229735426384239652e-08	-1.157506835822715048e-08	-1.063717632511934059e-08	-1.008694654041130738e-08	-9.683571171144285606e-09	-1.125693873498440274e-08	-1.348736501529326008e-08	-1.497809297250727265e-08	-1.416552138451633258e-08	-1.382453471381403894e-08	-1.303598210453946395e-08	-1.248786864533766368e-08	-1.315969461400334420e-08	-1.309556220401262967e-08
4.850000000000000144e-02	-1.534986259797250192e-08	-1.410045908894568035e-08	-1.280490496347296379e-08	-1.208261905785771610e-08	-1.114472702474990786e-08	-1.059449724004187300e-08	-1.019112187077485122e-08	-1.176448943461496835e-08	-1.399491571492382570e-08	-1.548564367213783827e-08	-1.467307208414689985e-08	-1.433208541344460455e-08	-1.354353280417002957e-08	-1.299541934496822930e-08	-1.366724531363390982e-08	-1.360311290364319694e-08
4.950000000000000233e-02	-1.490298926624474384e-08	-1.365358575721792063e-08	-1.235803163174520406e-08	-1.163574572612995637e-08	-1.069785369302214813e-08	-1.014762390831411658e-08	-9.744248539047091493e-09	-1.131761610288721028e-08	-1.354804238319606597e-08	-1.503877034041008020e-08	-1.422619875241914012e-08	-1.388521208171684483e-08	-1.309665947244226984e-08	-1.254854601324047123e-08	-1.322037198190615174e-08	-1.315623957191543721e-08
5.050000000000000322e-02	-1.479139281047436248e-08	-1.354198930144754092e-08	-1.224643517597482435e-08	-1.152414927035957667e-08	-1.058625723725176677e-08	-1.003602745254373356e-08	-9.632652083276711786e-09	-1.120601964711682892e-08	-1.343644592742568626e-08	-1.492717388463969884e-08	-1.411460229664876041e-08	-1.377361562594646677e-08	-1.298506301667189013e-08	-1.243694955747008986e-08	-1.310877552613577038e-08	-1.304464311614505585e-08
5.149999999999999717e-02	-1.427149638525953920e-08	-1.302209287623271929e-08	-1.172653875076000107e-08	-1.100425284514475504e-08	-1.006636081203694514e-08	-9.516131027328913587e-09	-9.112755658061890157e-09	-1.068612322190200895e-08	-1.291654950221086463e-08	-1.440727745942487721e-08	-1.359470587143393713e-08	-1.325371920073164184e-08	-1.246516659145706850e-08	-1.191705313225526824e-08	-1.258887910092094875e-08	-1.252474669093023422e-08
5.249999999999999806e-02	-1.338063297481396962e-08	-1.213122946578714806e-08	-1.083567534031443149e-08	-1.011338943469918380e-08	-9.175497401591373908e-09	-8.625267616883344009e-09	-8.221892247616318924e-09	-9.795259811456437714e-09	-1.202568609176529340e-08	-1.351641404897930763e-08	-1.270384246098836755e-08	-1.236285579028607226e-08	-1.157430318101149727e-08	-1.102618972180969700e-08	-1.169801569047537752e-08	-1.163388328048466299e-08
5.349999999999999895e-02	-1.334132229017784266e-08	-1.209191878115102109e-08	-1.079636465567830453e-08	-1.007407875006305684e-08	-9.136186716955248598e-09	-8.585956932247217045e-09	-8.182581562980191961e-09	-9.755949126820310750e-09	-1.198637540712916644e-08	-1.347710336434318066e-08	-1.266453177635224059e-08	-1.232354510564994529e-08	-1.153499249637537031e-08	-1.098687903717357169e-08	-1.165870500583925056e-08	-1.159457259584853768e-08
5.449999999999999983e-02	-1.324029341223425834e-08	-1.199088990320743843e-08	-1.069533577773472187e-08	-9.973049872119474179e-09	-9.035157839011664283e-09	-8.484928054303631075e-09	-8.081552685036607646e-09	-9.654920248876726435e-09	-1.188534652918558378e-08	-1.337607448639959800e-08	-1.256350289840865793e-08	-1.222251622770636429e-08	-1.143396361843178765e-08	-1.088585015922998738e-08	-1.155767612789566790e-08	-1.149354371790495336e-08
5.550000000000000072e-02	-1.281920798646429337e-08	-1.156980447743747180e-08	-1.027425035196475524e-08	-9.551964446349507550e-09	-8.614072413241699309e-09	-8.063842628533666101e-09	-7.660467259266642671e-09	-9.233834823106759806e-09	-1.146426110341561715e-08	-1.295498906062963137e-08	-1.214241747263869130e-08	-1.180143080193639766e-08	-1.101287819266182102e-08	-1.046476473346002240e-08	-1.113659070212570127e-08	-1.107245829213498839e-08
5.650000000000000161e-02	-1.199909849040606684e-08	-1.074969498137924528e-08	-9.454140855906530364e-09	-8.731854950291282677e-09	-7.793962917183472781e-09	-7.243733132475439573e-09	-6.840357763208416970e-09	-8.413725327048533278e-09	-1.064415160735739228e-08	-1.213487956457140485e-08	-1.132230797658046643e-08	-1.098132130587817113e-08	-1.019276869660359449e-08	-9.644655237401795876e-09	-1.031648120606747640e-08	-1.025234879607676352e-08
5.750000000000000250e-02	-1.088820811876615701e-08	-9.638804609739335444e-09	-8.343250484266618877e-09	-7.620964578651372844e-09	-6.683072545543562121e-09	-6.132842760835530567e-09	-5.729467391568506310e-09	-7.302834955408624273e-09	-9.533261235717482443e-09	-1.102398919293149501e-08	-1.021141760494055659e-08	-9.870430934238261298e-09	-9.081878324963684658e-09	-8.533764865761886043e-09	-9.205590834427566563e-09	-9.141458424436852029e-09
5.850000000000000339e-02	-1.001650295897981235e-08	-8.767099449952992443e-09	-7.471545324480274222e-09	-6.749259418865028189e-09	-5.811367385757217466e-09	-5.261137601049185085e-09	-4.857762231782162482e-09	-6.431129795622280445e-09	-8.661556075931136133e-09	-1.015228403314515036e-08	-9.339712445154210283e-09	-8.998725774451914989e-09	-8.210173165177341657e-09	-7.662059705975541388e-09	-8.333885674641221908e-09	-8.269753264650507374e-09
5.949999999999999734e-02	-9.740143285197004938e-09	-8.490739776170183374e-09	-7.195185650697466808e-09	-6.472899745082219947e-09	-5.535007711974410051e-09	-4.984777927266377670e-09	-4.581402557999353413e-09	-6.154770121839472203e-09	-8.385196402148328719e-09	-9.875924359362342944e-09	-9.063352771371402869e-09	-8.722366100669109228e-09	-7.933813491394532588e-09	-7.385700032192732319e-09	-8.057526000858412839e-09	-7.993393590867699959e-09
6.049999999999999822e-02	-9.254148003947102936e-09	-8.004744494920283026e-09	-6.709190369447565633e-09	-5.986904463832318772e-09	-5.049012430724508876e-09	-4.498782646016476496e-09	-4.095407276749452239e-09	-5.668774840589571028e-09	-7.899201120898426717e-09	-9.389929078112440942e-09	-8.577357490121500867e-09	-8.236370819419208881e-09	-7.447818210144631414e-09	-6.899704750942831144e-09	-7.571530719608512491e-09	-7.507398309617797958e-09
6.149999999999999911e-02	-8.454033148138430637e-09	-7.204629639111608246e-09	-5.909075513638892507e-09	-5.186789608023645646e-09	-4.248897574915836577e-09	-3.698667790207802956e-09	-3.295292420940779112e-09	-4.868659984780898729e-09	-7.099086265089755245e-09	-8.589814222303766989e-09	-7.777242634312826913e-09	-7.436255963610533273e-09	-6.647703354335958287e-09	-6.099589895134159672e-09	-6.771415863799840192e-09	-6.707283453809124004e-09
6.250000000000000000e-02	-8.141519308578875431e-09	-6.892115799552053040e-09	-5.596561674079337301e-09	-4.874275768464090440e-09	-3.936383735356279717e-09	-3.386153950648247750e-09	-2.982778581381223906e-09	-4.556146145221342696e-09	-6.786572425530199212e-09	-8.277300382744213437e-09	-7.464728794753273361e-09	-7.123742124050978067e-09	-6.335189514776403908e-09	-5.787076055574602812e-09	-6.458902024240284159e-09	-6.394769614249568798e-09
6.350000000000000089e-02	-7.754342213835781304e-09	-6.504938704808959740e-09	-5.209384579336244001e-09	-4.487098673720997140e-09	-3.549206640613187244e-09	-2.998976855905154037e-09	-2.595601486638130607e-09	-4.168969050478249396e-09	-6.399395330787105912e-09	-7.890123288001119310e-09	-7.077551700010180062e-09	-6.736565029307884767e-09	-5.948012420033310609e-09	-5.399898960831509512e-09	-6.071724929497191686e-09	-6.007592519506475498e-09
6.450000000000000178e-02	-7.420468854691429460e-09	-6.171065345664607896e-09	-4.875511220191891329e-09	-4.153225314576645296e-09	-3.215333281468835400e-09	-2.665103496760803019e-09	-2.261728127493779176e-09	-3.835095691333897552e-09	-6.065521971642754895e-09	-7.556249928856768293e-09	-6.743678340865829045e-09	-6.402691670163533750e-09	-5.614139060888958764e-09	-5.066025601687158495e-09	-5.737851570352839842e-09	-5.673719160362123654e-09
6.550000000000000266e-02	-6.375262520645912070e-09	-5.125859011619089679e-09	-3.830304886146373940e-09	-3.108018980531127493e-09	-2.170126947423317597e-09	-1.619897162715284803e-09	-1.216521793448261166e-09	-2.789889357288380162e-09	-5.020315637597235851e-09	-6.511043594811249249e-09	-5.698472006820310828e-09	-5.357485336118015533e-09	-4.568932726843440548e-09	-4.020819267641640278e-09	-4.692645236307322452e-09	-4.628512826316606264e-09
6.650000000000000355e-02	-6.131330061569027226e-09	-4.881926552542204835e-09	-3.586372427069489923e-09	-2.864086521454242649e-09	-1.926194488346432753e-09	-1.375964703638399752e-09	-9.725893343713761151e-10	-2.545956898211494905e-09	-4.776383178520351007e-09	-6.267111135734363578e-09	-5.454539547743425157e-09	-5.113552877041129862e-09	-4.325000267766555704e-09	-3.776886808564756261e-09	-4.448712777230436781e-09	-4.384580367239721420e-09
6.750000000000000444e-02	-6.410952006730041439e-09	-5.161548497703219048e-09	-3.865994372230504136e-09	-3.143708466615256448e-09	-2.205816433507446966e-09	-1.655586648799413965e-09	-1.252211279532390122e-09	-2.825578843372509118e-09	-5.056005123681365220e-09	-6.546733080895378618e-09	-5.734161492904439370e-09	-5.393174822202144075e-09	-4.604622212927569917e-09	-4.056508753725769647e-09	-4.728334722391450994e-09	-4.664202312400734806e-09
6.850000000000000533e-02	-6.376065721669134926e-09	-5.126662212642312535e-09	-3.831108087169597623e-09	-3.108822181554350349e-09	-2.170930148446540866e-09	-1.620700363738507865e-09	-1.217324994471484229e-09	-2.790692558311602605e-09	-5.021118838620459534e-09	-6.511846795834472105e-09	-5.699275207843532857e-09	-5.358288537141237562e-09	-4.569735927866664231e-09	-4.021622468664863961e-09	-4.693448437330544481e-09	-4.629316027339829120e-09
6.950000000000000622e-02	-6.126752059366244239e-09	-4.877348550339421848e-09	-3.581794424866706936e-09	-2.859508519251459662e-09	-1.921616486143649766e-09	-1.371386701435616972e-09	-9.680113321685933352e-10	-2.541378896008712332e-09	-4.771805176317568847e-09	-6.262533133531581418e-09	-5.449961545540642170e-09	-5.108974874838347703e-09	-4.320422265563773544e-09	-3.772308806361973275e-09	-4.444134775027653794e-09	-4.380002365036937606e-09
7.049999999999999323e-02	-6.392713329099457245e-09	-5.143309820072635681e-09	-3.847755694599919942e-09	-3.125469788984673495e-09	-2.187577755876863185e-09	-1.637347971168830391e-09	-1.233972601901806754e-09	-2.807340165741925751e-09	-5.037766446050781853e-09	-6.528494403264795251e-09	-5.715922815273856003e-09	-5.374936144571560708e-09	-4.586383535296986550e-09	-4.038270076095185453e-09	-4.710096044760867627e-09	-4.645963634770151439e-09
7.149999999999999412e-02	-6.398813203979254844e-09	-5.149409694952433280e-09	-3.853855569479717541e-09	-3.131569663864470680e-09	-2.193677630756661198e-09	-1.643447846048628404e-09	-1.240072476781604560e-09	-2.813440040621723350e-09	-5.043866320930580279e-09	-6.534594278144593677e-09	-5.722022690153653602e-09	-5.381036019451358307e-09	-4.592483410176784149e-09	-4.044369950974983052e-09	-4.716195919640665226e-09	-4.652063509649949038e-09
7.249999999999999500e-02	-6.171764751469335874e-09	-4.922361242442513482e-09	-3.626807116969797330e-09	-2.904521211354550882e-09	-1.966629178246741400e-09	-1.416399393538708399e-09	-1.013024024271684762e-09	-2.586391588111803552e-09	-4.816817868420659654e-09	-6.307545825634673052e-09	-5.494974237643733804e-09	-5.153987566941439337e-09	-4.365434957666864351e-09	-3.817321498465064082e-09	-4.489147467130744601e-09	-4.425015057140030068e-09
7.349999999999999589e-02	-5.975810425383089258e-09	-4.726406916356266040e-09	-3.430852790883550300e-09	-2.708566885268303440e-09	-1.770674852160493751e-09	-1.220445067452460957e-09	-8.170696981854372164e-10	-2.390437262025556109e-09	-4.620863542334412211e-09	-6.111591499548424783e-09	-5.299019911557486361e-09	-4.958033240855191894e-09	-4.169480631580616908e-09	-3.621367172378817053e-09	-4.293193141044497159e-09	-4.229060731053781798e-09
7.449999999999999678e-02	-5.702627677332856812e-09	-4.453224168306034421e-09	-3.157670042833318682e-09	-2.435384137218071821e-09	-1.497492104110262132e-09	-9.472623194022291308e-10	-5.438869501352054941e-10	-2.117254513975324077e-09	-4.347680794284180592e-09	-5.838408751498193164e-09	-5.025837163507254742e-09	-4.684850492804959448e-09	-3.896297883530385289e-09	-3.348184424328585020e-09	-4.020010392994266367e-09	-3.955877983003551006e-09
7.549999999999999767e-02	-5.511381442617707193e-09	-4.261977933590884802e-09	-2.966423808118168649e-09	-2.244137902502921789e-09	-1.306245869395112306e-09	-7.560160846870792018e-10	-3.526407154200554617e-10	-1.926008279260174045e-09	-4.156434559569030974e-09	-5.647162516783043545e-09	-4.834590928792105124e-09	-4.493604258089809829e-09	-3.705051648815235257e-09	-3.156938189613434988e-09	-3.828764158279115921e-09	-3.764631748288400560e-09
7.649999999999999856e-02	-4.653421739539723766e-09	-3.404018230512901375e-09	-2.108464105040185635e-09	-1.386178199424938568e-09	-4.482861663171291890e-10	1.019436183909037473e-10	5.053189876579274486e-10	-1.068048576182191238e-09	-3.298474856491047960e-09	-4.789202813705060945e-09	-3.976631225714121696e-09	-3.635644555011826816e-09	-2.847091945737251830e-09	-2.298978486535451974e-09	-2.970804455201133321e-09	-2.906672045210417546e-09
7.749999999999999944e-02	-3.883204215087618538e-09	-2.633800706060797388e-09	-1.338246580588081442e-09	-6.159606749728341675e-10	3.219313581349753665e-10	8.721611428430083158e-10	1.275536512110031952e-09	-2.978310517300867854e-10	-2.528257332038943146e-09	-4.018985289252956544e-09	-3.206413701262017296e-09	-2.865427030559722001e-09	-2.076874421285147016e-09	-1.528760962083347367e-09	-2.200586930749028093e-09	-2.136454520758313146e-09
7.850000000000000033e-02	-3.089421813422802099e-09	-1.840018304395980535e-09	-5.444641789232647955e-10	1.778217266919823754e-10	1.115713759799791754e-09	1.665943544507824755e-09	2.069318913774848599e-09	4.959513499347298092e-10	-1.734474930374126500e-09	-3.225202887588140105e-09	-2.412631299597200856e-09	-2.071644628894905562e-09	-1.283092019620330783e-09	-7.349785604185309272e-10	-1.406804529084211860e-09	-1.342672119093496086e-09
7.950000000000000122e-02	-2.067470362075159218e-09	-8.180668530483376543e-10	4.774872724243781883e-10	1.199773178039625359e-09	2.137665211147434841e-09	2.687894995855468049e-09	3.091270365122491479e-09	1.517902801282372690e-09	-7.125234790264836193e-10	-2.203251436240496811e-09	-1.390679848249557769e-09	-1.049693177547262682e-09	-2.611405682726878509e-10	2.869728909291120565e-10	-3.848530777365688766e-10	-3.207206677458534126e-10
8.050000000000000211e-02	-1.304583830492668522e-09	-5.518032146584667393e-11	1.240373804006869194e-09	1.962659709622116262e-09	2.900551742729925744e-09	3.450781527437958952e-09	3.854156896704982795e-09	2.280789332864864006e-09	5.036305255600726411e-11	-1.440364904658005908e-09	-6.277933166670668665e-10	-2.868066459647717788e-10	5.017459633098030001e-10	1.049859422511603063e-09	3.780334538459219744e-10	4.421658638366375419e-10
8.150000000000000300e-02	3.751870856331178528e-10	1.624590594659939572e-09	2.920144720132655518e-09	3.642430625747902792e-09	4.580322658855711861e-09	5.130552443563745069e-09	5.533927812830769326e-09	3.960560248990650536e-09	1.730133968681793607e-09	2.394060114677804671e-10	1.051977599458719664e-09	1.392964270161014545e-09	2.181516879435589324e-09	2.729630338637389593e-09	2.057804369971708246e-09	2.121936779962424020e-09
8.250000000000000389e-02	1.980676223673890786e-09	3.230079732700712764e-09	4.525633858173427262e-09	5.247919763788674950e-09	6.185811796896484846e-09	6.736041581604517226e-09	7.139416950871542311e-09	5.566049387031422694e-09	3.335623106722566178e-09	1.844895149508553193e-09	2.657466737499492442e-09	2.998453408201787736e-09	3.787006017476362308e-09	4.335119476678161751e-09	3.663293508012480817e-09	3.727425918003196592e-09
8.350000000000000477e-02	3.269316095071259659e-09	4.518719604098082464e-09	5.814273729570797376e-09	6.536559635186044237e-09	7.474451668293854132e-09	8.024681453001885686e-09	8.428056822268912424e-09	6.854689258428791981e-09	4.624262978119935465e-09	3.133535020905922480e-09	3.946106608896862142e-09	4.287093279599157437e-09	5.075645888873730768e-09	5.623759348075531037e-09	4.951933379409850518e-09	5.016065789400565878e-09
8.450000000000000566e-02	4.185422259520038732e-09	5.434825768546860296e-09	6.730379894019576035e-09	7.452665799634822896e-09	8.390557832742632792e-09	8.940787617450664345e-09	9.344162986717687775e-09	7.770795422877570640e-09	5.540369142568713297e-09	4.049641185354699899e-09	4.862212773345639974e-09	5.203199444047935269e-09	5.991752053322509427e-09	6.539865512524309697e-09	5.868039543858628350e-09	5.932171953849344538e-09
8.550000000000000655e-02	4.890485974148535115e-09	6.139889483175357507e-09	7.435443608648072418e-09	8.157729514263319279e-09	9.095621547371129175e-09	9.645851332079160728e-09	1.004922670134618747e-08	8.475859137506067023e-09	6.245432857197210508e-09	4.754704899983197936e-09	5.567276487974137185e-09	5.908263158676431652e-09	6.696815767951006638e-09	7.244929227152806080e-09	6.573103258487125560e-09	6.637235668477840921e-09
